Var1,Var2
45.10249,-68.65954167
45.10249,-68.65954167
45.10249,-68.65954167
45.10249,-68.65954167
45.10249,-68.65954167
45.10249,-68.65954167
45.10249,-68.65954167
45.10249,-68.65954167
45.10249,-68.65954167
45.10249,-68.65954167
45.10249,-68.65954167
45.10249,-68.65954167
45.10249,-68.65954167
45.10249,-68.65954167
45.10249,-68.65954167
45.10249,-68.65954167
45.10249,-68.65954167
45.10249,-68.65954167
45.10249,-68.65954167
45.10249,-68.65954167
45.10249,-68.65954167
45.10249,-68.65954167
45.10249,-68.65954167
45.10249,-68.65954167
45.10249,-68.65954167
45.10247583,-68.65954967
45.10247583,-68.65954967
45.10247583,-68.65954967
45.10247583,-68.65954967
45.10247583,-68.65954967
45.10247583,-68.65954967
45.10247583,-68.65954967
45.10247583,-68.65954967
45.10247583,-68.65954967
45.10247583,-68.65954967
45.10247583,-68.65954967
45.10247583,-68.65954967
45.10247583,-68.65954967
45.10247583,-68.65954967
45.10247583,-68.65954967
45.10247583,-68.65954967
45.10247583,-68.65954967
45.10247583,-68.65954967
45.10247583,-68.65954967
45.10247583,-68.65954967
45.10247583,-68.65954967
45.10247583,-68.65954967
45.10247583,-68.65954967
45.10247583,-68.65954967
45.10247583,-68.65954967
45.10245417,-68.6595625
45.10245417,-68.6595625
45.10245417,-68.6595625
45.10245417,-68.6595625
45.10245417,-68.6595625
45.10245417,-68.6595625
45.10245417,-68.6595625
45.10245417,-68.6595625
45.10245417,-68.6595625
45.10245417,-68.6595625
45.10245417,-68.6595625
45.10245417,-68.6595625
45.10245417,-68.6595625
45.10245417,-68.6595625
45.10245417,-68.6595625
45.10245417,-68.6595625
45.10245417,-68.6595625
45.10245417,-68.6595625
45.10245417,-68.6595625
45.10245417,-68.6595625
45.10245417,-68.6595625
45.10245417,-68.6595625
45.10245417,-68.6595625
45.10245417,-68.6595625
45.10245417,-68.6595625
45.10244017,-68.65957217
45.10244017,-68.65957217
45.10244017,-68.65957217
45.10244017,-68.65957217
45.10244017,-68.65957217
45.10244017,-68.65957217
45.10244017,-68.65957217
45.10244017,-68.65957217
45.10244017,-68.65957217
45.10244017,-68.65957217
45.10244017,-68.65957217
45.10244017,-68.65957217
45.10244017,-68.65957217
45.10244017,-68.65957217
45.10244017,-68.65957217
45.10244017,-68.65957217
45.10244017,-68.65957217
45.10244017,-68.65957217
45.10244017,-68.65957217
45.10244017,-68.65957217
45.10244017,-68.65957217
45.10244017,-68.65957217
45.10244017,-68.65957217
45.10244017,-68.65957217
45.10244017,-68.65957217
45.10242633,-68.65958317
45.10242633,-68.65958317
45.10242633,-68.65958317
45.10242633,-68.65958317
45.10242633,-68.65958317
45.10242633,-68.65958317
45.10242633,-68.65958317
45.10242633,-68.65958317
45.10242633,-68.65958317
45.10242633,-68.65958317
45.10242633,-68.65958317
45.10242633,-68.65958317
45.10242633,-68.65958317
45.10242633,-68.65958317
45.10242633,-68.65958317
45.10242633,-68.65958317
45.10242633,-68.65958317
45.10242633,-68.65958317
45.10242633,-68.65958317
45.10242633,-68.65958317
45.10242633,-68.65958317
45.10242633,-68.65958317
45.10242633,-68.65958317
45.10242633,-68.65958317
45.10242633,-68.65958317
45.10240583,-68.65960283
45.10240583,-68.65960283
45.10240583,-68.65960283
45.10240583,-68.65960283
45.10240583,-68.65960283
45.10240583,-68.65960283
45.10240583,-68.65960283
45.10240583,-68.65960283
45.10240583,-68.65960283
45.10240583,-68.65960283
45.10240583,-68.65960283
45.10240583,-68.65960283
45.10240583,-68.65960283
45.10240583,-68.65960283
45.10240583,-68.65960283
45.10240583,-68.65960283
45.10240583,-68.65960283
45.10240583,-68.65960283
45.10240583,-68.65960283
45.10240583,-68.65960283
45.10240583,-68.65960283
45.10240583,-68.65960283
45.10240583,-68.65960283
45.10240583,-68.65960283
45.10240583,-68.65960283
45.10239083,-68.6596185
45.10239083,-68.6596185
45.10239083,-68.6596185
45.10239083,-68.6596185
45.10239083,-68.6596185
45.10239083,-68.6596185
45.10239083,-68.6596185
45.10239083,-68.6596185
45.10239083,-68.6596185
45.10239083,-68.6596185
45.10239083,-68.6596185
45.10239083,-68.6596185
45.10239083,-68.6596185
45.10239083,-68.6596185
45.10239083,-68.6596185
45.10239083,-68.6596185
45.10239083,-68.6596185
45.10239083,-68.6596185
45.10239083,-68.6596185
45.10239083,-68.6596185
45.10239083,-68.6596185
45.10239083,-68.6596185
45.10239083,-68.6596185
45.10239083,-68.6596185
45.10239083,-68.6596185
45.10237383,-68.65963567
45.10237383,-68.65963567
45.10237383,-68.65963567
45.10237383,-68.65963567
45.10237383,-68.65963567
45.10237383,-68.65963567
45.10237383,-68.65963567
45.10237383,-68.65963567
45.10237383,-68.65963567
45.10237383,-68.65963567
45.10237383,-68.65963567
45.10237383,-68.65963567
45.10237383,-68.65963567
45.10237383,-68.65963567
45.10237383,-68.65963567
45.10237383,-68.65963567
45.10237383,-68.65963567
45.10237383,-68.65963567
45.10237383,-68.65963567
45.10237383,-68.65963567
45.10237383,-68.65963567
45.10237383,-68.65963567
45.10237383,-68.65963567
45.10237383,-68.65963567
45.10237383,-68.65963567
45.10234417,-68.65966567
45.10234417,-68.65966567
45.10234417,-68.65966567
45.10234417,-68.65966567
45.10234417,-68.65966567
45.10234417,-68.65966567
45.10234417,-68.65966567
45.10234417,-68.65966567
45.10234417,-68.65966567
45.10234417,-68.65966567
45.10234417,-68.65966567
45.10234417,-68.65966567
45.10234417,-68.65966567
45.10234417,-68.65966567
45.10234417,-68.65966567
45.10234417,-68.65966567
45.10234417,-68.65966567
45.10234417,-68.65966567
45.10234417,-68.65966567
45.10234417,-68.65966567
45.10234417,-68.65966567
45.10234417,-68.65966567
45.10234417,-68.65966567
45.10234417,-68.65966567
45.10234417,-68.65966567
45.10232233,-68.65968517
45.10232233,-68.65968517
45.10232233,-68.65968517
45.10232233,-68.65968517
45.10232233,-68.65968517
45.10232233,-68.65968517
45.10232233,-68.65968517
45.10232233,-68.65968517
45.10232233,-68.65968517
45.10232233,-68.65968517
45.10232233,-68.65968517
45.10232233,-68.65968517
45.10232233,-68.65968517
45.10232233,-68.65968517
45.10232233,-68.65968517
45.10232233,-68.65968517
45.10232233,-68.65968517
45.10232233,-68.65968517
45.10232233,-68.65968517
45.10232233,-68.65968517
45.10232233,-68.65968517
45.10232233,-68.65968517
45.10232233,-68.65968517
45.10232233,-68.65968517
45.10232233,-68.65968517
45.10230167,-68.65970567
45.10230167,-68.65970567
45.10230167,-68.65970567
45.10230167,-68.65970567
45.10230167,-68.65970567
45.10230167,-68.65970567
45.10230167,-68.65970567
45.10230167,-68.65970567
45.10230167,-68.65970567
45.10230167,-68.65970567
45.10230167,-68.65970567
45.10230167,-68.65970567
45.10230167,-68.65970567
45.10230167,-68.65970567
45.10230167,-68.65970567
45.10230167,-68.65970567
45.10230167,-68.65970567
45.10230167,-68.65970567
45.10230167,-68.65970567
45.10230167,-68.65970567
45.10230167,-68.65970567
45.10230167,-68.65970567
45.10230167,-68.65970567
45.10230167,-68.65970567
45.10230167,-68.65970567
45.10227367,-68.6597405
45.10227367,-68.6597405
45.10227367,-68.6597405
45.10227367,-68.6597405
45.10227367,-68.6597405
45.10227367,-68.6597405
45.10227367,-68.6597405
45.10227367,-68.6597405
45.10227367,-68.6597405
45.10227367,-68.6597405
45.10227367,-68.6597405
45.10227367,-68.6597405
45.10227367,-68.6597405
45.10227367,-68.6597405
45.10227367,-68.6597405
45.10227367,-68.6597405
45.10227367,-68.6597405
45.10227367,-68.6597405
45.10227367,-68.6597405
45.10227367,-68.6597405
45.10227367,-68.6597405
45.10227367,-68.6597405
45.10227367,-68.6597405
45.10227367,-68.6597405
45.10227367,-68.6597405
45.10225433,-68.65976367
45.10225433,-68.65976367
45.10225433,-68.65976367
45.10225433,-68.65976367
45.10225433,-68.65976367
45.10225433,-68.65976367
45.10225433,-68.65976367
45.10225433,-68.65976367
45.10225433,-68.65976367
45.10225433,-68.65976367
45.10225433,-68.65976367
45.10225433,-68.65976367
45.10225433,-68.65976367
45.10225433,-68.65976367
45.10225433,-68.65976367
45.10225433,-68.65976367
45.10225433,-68.65976367
45.10225433,-68.65976367
45.10225433,-68.65976367
45.10225433,-68.65976367
45.10225433,-68.65976367
45.10225433,-68.65976367
45.10225433,-68.65976367
45.10225433,-68.65976367
45.10225433,-68.65976367
45.10222467,-68.65980083
45.10222467,-68.65980083
45.10222467,-68.65980083
45.10222467,-68.65980083
45.10222467,-68.65980083
45.10222467,-68.65980083
45.10222467,-68.65980083
45.10222467,-68.65980083
45.10222467,-68.65980083
45.10222467,-68.65980083
45.10222467,-68.65980083
45.10222467,-68.65980083
45.10222467,-68.65980083
45.10222467,-68.65980083
45.10222467,-68.65980083
45.10222467,-68.65980083
45.10222467,-68.65980083
45.10222467,-68.65980083
45.10222467,-68.65980083
45.10222467,-68.65980083
45.10222467,-68.65980083
45.10222467,-68.65980083
45.10222467,-68.65980083
45.10222467,-68.65980083
45.10222467,-68.65980083
45.10220567,-68.65982617
45.10220567,-68.65982617
45.10220567,-68.65982617
45.10220567,-68.65982617
45.10220567,-68.65982617
45.10220567,-68.65982617
45.10220567,-68.65982617
45.10220567,-68.65982617
45.10220567,-68.65982617
45.10220567,-68.65982617
45.10220567,-68.65982617
45.10220567,-68.65982617
45.10220567,-68.65982617
45.10220567,-68.65982617
45.10220567,-68.65982617
45.10220567,-68.65982617
45.10220567,-68.65982617
45.10220567,-68.65982617
45.10220567,-68.65982617
45.10220567,-68.65982617
45.10220567,-68.65982617
45.10220567,-68.65982617
45.10220567,-68.65982617
45.10220567,-68.65982617
45.10220567,-68.65982617
45.10218567,-68.65985183
45.10218567,-68.65985183
45.10218567,-68.65985183
45.10218567,-68.65985183
45.10218567,-68.65985183
45.10218567,-68.65985183
45.10218567,-68.65985183
45.10218567,-68.65985183
45.10218567,-68.65985183
45.10218567,-68.65985183
45.10218567,-68.65985183
45.10218567,-68.65985183
45.10218567,-68.65985183
45.10218567,-68.65985183
45.10218567,-68.65985183
45.10218567,-68.65985183
45.10218567,-68.65985183
45.10218567,-68.65985183
45.10218567,-68.65985183
45.10218567,-68.65985183
45.10218567,-68.65985183
45.10218567,-68.65985183
45.10218567,-68.65985183
45.10218567,-68.65985183
45.10218567,-68.65985183
45.102157,-68.6598895
45.102157,-68.6598895
45.102157,-68.6598895
45.102157,-68.6598895
45.102157,-68.6598895
45.102157,-68.6598895
45.102157,-68.6598895
45.102157,-68.6598895
45.102157,-68.6598895
45.102157,-68.6598895
45.102157,-68.6598895
45.102157,-68.6598895
45.102157,-68.6598895
45.102157,-68.6598895
45.102157,-68.6598895
45.102157,-68.6598895
45.102157,-68.6598895
45.102157,-68.6598895
45.102157,-68.6598895
45.102157,-68.6598895
45.102157,-68.6598895
45.102157,-68.6598895
45.102157,-68.6598895
45.102157,-68.6598895
45.102157,-68.6598895
45.102138,-68.659913
45.102138,-68.659913
45.102138,-68.659913
45.102138,-68.659913
45.102138,-68.659913
45.102138,-68.659913
45.102138,-68.659913
45.102138,-68.659913
45.102138,-68.659913
45.102138,-68.659913
45.102138,-68.659913
45.102138,-68.659913
45.102138,-68.659913
45.102138,-68.659913
45.102138,-68.659913
45.102138,-68.659913
45.102138,-68.659913
45.102138,-68.659913
45.102138,-68.659913
45.102138,-68.659913
45.102138,-68.659913
45.102138,-68.659913
45.102138,-68.659913
45.102138,-68.659913
45.102138,-68.659913
45.10212067,-68.6599355
45.10212067,-68.6599355
45.10212067,-68.6599355
45.10212067,-68.6599355
45.10212067,-68.6599355
45.10212067,-68.6599355
45.10212067,-68.6599355
45.10212067,-68.6599355
45.10212067,-68.6599355
45.10212067,-68.6599355
45.10212067,-68.6599355
45.10212067,-68.6599355
45.10212067,-68.6599355
45.10212067,-68.6599355
45.10212067,-68.6599355
45.10212067,-68.6599355
45.10212067,-68.6599355
45.10212067,-68.6599355
45.10212067,-68.6599355
45.10212067,-68.6599355
45.10212067,-68.6599355
45.10212067,-68.6599355
45.10212067,-68.6599355
45.10212067,-68.6599355
45.10212067,-68.6599355
45.10209567,-68.6599665
45.10209567,-68.6599665
45.10209567,-68.6599665
45.10209567,-68.6599665
45.10209567,-68.6599665
45.10209567,-68.6599665
45.10209567,-68.6599665
45.10209567,-68.6599665
45.10209567,-68.6599665
45.10209567,-68.6599665
45.10209567,-68.6599665
45.10209567,-68.6599665
45.10209567,-68.6599665
45.10209567,-68.6599665
45.10209567,-68.6599665
45.10209567,-68.6599665
45.10209567,-68.6599665
45.10209567,-68.6599665
45.10209567,-68.6599665
45.10209567,-68.6599665
45.10209567,-68.6599665
45.10209567,-68.6599665
45.10209567,-68.6599665
45.10209567,-68.6599665
45.10209567,-68.6599665
45.10207933,-68.65998683
45.10207933,-68.65998683
45.10207933,-68.65998683
45.10207933,-68.65998683
45.10207933,-68.65998683
45.10207933,-68.65998683
45.10207933,-68.65998683
45.10207933,-68.65998683
45.10207933,-68.65998683
45.10207933,-68.65998683
45.10207933,-68.65998683
45.10207933,-68.65998683
45.10207933,-68.65998683
45.10207933,-68.65998683
45.10207933,-68.65998683
45.10207933,-68.65998683
45.10207933,-68.65998683
45.10207933,-68.65998683
45.10207933,-68.65998683
45.10207933,-68.65998683
45.10207933,-68.65998683
45.10207933,-68.65998683
45.10207933,-68.65998683
45.10207933,-68.65998683
45.10207933,-68.65998683
45.10206383,-68.6600075
45.10206383,-68.6600075
45.10206383,-68.6600075
45.10206383,-68.6600075
45.10206383,-68.6600075
45.10206383,-68.6600075
45.10206383,-68.6600075
45.10206383,-68.6600075
45.10206383,-68.6600075
45.10206383,-68.6600075
45.10206383,-68.6600075
45.10206383,-68.6600075
45.10206383,-68.6600075
45.10206383,-68.6600075
45.10206383,-68.6600075
45.10206383,-68.6600075
45.10206383,-68.6600075
45.10206383,-68.6600075
45.10206383,-68.6600075
45.10206383,-68.6600075
45.10206383,-68.6600075
45.10206383,-68.6600075
45.10206383,-68.6600075
45.10206383,-68.6600075
45.10206383,-68.6600075
45.10204017,-68.660039
45.10204017,-68.660039
45.10204017,-68.660039
45.10204017,-68.660039
45.10204017,-68.660039
45.10204017,-68.660039
45.10204017,-68.660039
45.10204017,-68.660039
45.10204017,-68.660039
45.10204017,-68.660039
45.10204017,-68.660039
45.10204017,-68.660039
45.10204017,-68.660039
45.10204017,-68.660039
45.10204017,-68.660039
45.10204017,-68.660039
45.10204017,-68.660039
45.10204017,-68.660039
45.10204017,-68.660039
45.10204017,-68.660039
45.10204017,-68.660039
45.10204017,-68.660039
45.10204017,-68.660039
45.10204017,-68.660039
45.10204017,-68.660039
45.10202567,-68.66005983
45.10202567,-68.66005983
45.10202567,-68.66005983
45.10202567,-68.66005983
45.10202567,-68.66005983
45.10202567,-68.66005983
45.10202567,-68.66005983
45.10202567,-68.66005983
45.10202567,-68.66005983
45.10202567,-68.66005983
45.10202567,-68.66005983
45.10202567,-68.66005983
45.10202567,-68.66005983
45.10202567,-68.66005983
45.10202567,-68.66005983
45.10202567,-68.66005983
45.10202567,-68.66005983
45.10202567,-68.66005983
45.10202567,-68.66005983
45.10202567,-68.66005983
45.10202567,-68.66005983
45.10202567,-68.66005983
45.10202567,-68.66005983
45.10202567,-68.66005983
45.10202567,-68.66005983
45.102011,-68.6600805
45.102011,-68.6600805
45.102011,-68.6600805
45.102011,-68.6600805
45.102011,-68.6600805
45.102011,-68.6600805
45.102011,-68.6600805
45.102011,-68.6600805
45.102011,-68.6600805
45.102011,-68.6600805
45.102011,-68.6600805
45.102011,-68.6600805
45.102011,-68.6600805
45.102011,-68.6600805
45.102011,-68.6600805
45.102011,-68.6600805
45.102011,-68.6600805
45.102011,-68.6600805
45.102011,-68.6600805
45.102011,-68.6600805
45.102011,-68.6600805
45.102011,-68.6600805
45.102011,-68.6600805
45.102011,-68.6600805
45.102011,-68.6600805
45.10199,-68.660111
45.10199,-68.660111
45.10199,-68.660111
45.10199,-68.660111
45.10199,-68.660111
45.10199,-68.660111
45.10199,-68.660111
45.10199,-68.660111
45.10199,-68.660111
45.10199,-68.660111
45.10199,-68.660111
45.10199,-68.660111
45.10199,-68.660111
45.10199,-68.660111
45.10199,-68.660111
45.10199,-68.660111
45.10199,-68.660111
45.10199,-68.660111
45.10199,-68.660111
45.10199,-68.660111
45.10199,-68.660111
45.10199,-68.660111
45.10199,-68.660111
45.10199,-68.660111
45.10199,-68.660111
45.101977,-68.66013117
45.101977,-68.66013117
45.101977,-68.66013117
45.101977,-68.66013117
45.101977,-68.66013117
45.101977,-68.66013117
45.101977,-68.66013117
45.101977,-68.66013117
45.101977,-68.66013117
45.101977,-68.66013117
45.101977,-68.66013117
45.101977,-68.66013117
45.101977,-68.66013117
45.101977,-68.66013117
45.101977,-68.66013117
45.101977,-68.66013117
45.101977,-68.66013117
45.101977,-68.66013117
45.101977,-68.66013117
45.101977,-68.66013117
45.101977,-68.66013117
45.101977,-68.66013117
45.101977,-68.66013117
45.101977,-68.66013117
45.101977,-68.66013117
45.10195533,-68.66016233
45.10195533,-68.66016233
45.10195533,-68.66016233
45.10195533,-68.66016233
45.10195533,-68.66016233
45.10195533,-68.66016233
45.10195533,-68.66016233
45.10195533,-68.66016233
45.10195533,-68.66016233
45.10195533,-68.66016233
45.10195533,-68.66016233
45.10195533,-68.66016233
45.10195533,-68.66016233
45.10195533,-68.66016233
45.10195533,-68.66016233
45.10195533,-68.66016233
45.10195533,-68.66016233
45.10195533,-68.66016233
45.10195533,-68.66016233
45.10195533,-68.66016233
45.10195533,-68.66016233
45.10195533,-68.66016233
45.10195533,-68.66016233
45.10195533,-68.66016233
45.10195533,-68.66016233
45.10194017,-68.660183
45.10194017,-68.660183
45.10194017,-68.660183
45.10194017,-68.660183
45.10194017,-68.660183
45.10194017,-68.660183
45.10194017,-68.660183
45.10194017,-68.660183
45.10194017,-68.660183
45.10194017,-68.660183
45.10194017,-68.660183
45.10194017,-68.660183
45.10194017,-68.660183
45.10194017,-68.660183
45.10194017,-68.660183
45.10194017,-68.660183
45.10194017,-68.660183
45.10194017,-68.660183
45.10194017,-68.660183
45.10194017,-68.660183
45.10194017,-68.660183
45.10194017,-68.660183
45.10194017,-68.660183
45.10194017,-68.660183
45.10194017,-68.660183
45.10192517,-68.66020367
45.10192517,-68.66020367
45.10192517,-68.66020367
45.10192517,-68.66020367
45.10192517,-68.66020367
45.10192517,-68.66020367
45.10192517,-68.66020367
45.10192517,-68.66020367
45.10192517,-68.66020367
45.10192517,-68.66020367
45.10192517,-68.66020367
45.10192517,-68.66020367
45.10192517,-68.66020367
45.10192517,-68.66020367
45.10192517,-68.66020367
45.10192517,-68.66020367
45.10192517,-68.66020367
45.10192517,-68.66020367
45.10192517,-68.66020367
45.10192517,-68.66020367
45.10192517,-68.66020367
45.10192517,-68.66020367
45.10192517,-68.66020367
45.10192517,-68.66020367
45.10192517,-68.66020367
45.10190333,-68.66023433
45.10190333,-68.66023433
45.10190333,-68.66023433
45.10190333,-68.66023433
45.10190333,-68.66023433
45.10190333,-68.66023433
45.10190333,-68.66023433
45.10190333,-68.66023433
45.10190333,-68.66023433
45.10190333,-68.66023433
45.10190333,-68.66023433
45.10190333,-68.66023433
45.10190333,-68.66023433
45.10190333,-68.66023433
45.10190333,-68.66023433
45.10190333,-68.66023433
45.10190333,-68.66023433
45.10190333,-68.66023433
45.10190333,-68.66023433
45.10190333,-68.66023433
45.10190333,-68.66023433
45.10190333,-68.66023433
45.10190333,-68.66023433
45.10190333,-68.66023433
45.10190333,-68.66023433
45.10189067,-68.66025417
45.10189067,-68.66025417
45.10189067,-68.66025417
45.10189067,-68.66025417
45.10189067,-68.66025417
45.10189067,-68.66025417
45.10189067,-68.66025417
45.10189067,-68.66025417
45.10189067,-68.66025417
45.10189067,-68.66025417
45.10189067,-68.66025417
45.10189067,-68.66025417
45.10189067,-68.66025417
45.10189067,-68.66025417
45.10189067,-68.66025417
45.10189067,-68.66025417
45.10189067,-68.66025417
45.10189067,-68.66025417
45.10189067,-68.66025417
45.10189067,-68.66025417
45.10189067,-68.66025417
45.10189067,-68.66025417
45.10189067,-68.66025417
45.10189067,-68.66025417
45.10189067,-68.66025417
45.10187583,-68.66027467
45.10187583,-68.66027467
45.10187583,-68.66027467
45.10187583,-68.66027467
45.10187583,-68.66027467
45.10187583,-68.66027467
45.10187583,-68.66027467
45.10187583,-68.66027467
45.10187583,-68.66027467
45.10187583,-68.66027467
45.10187583,-68.66027467
45.10187583,-68.66027467
45.10187583,-68.66027467
45.10187583,-68.66027467
45.10187583,-68.66027467
45.10187583,-68.66027467
45.10187583,-68.66027467
45.10187583,-68.66027467
45.10187583,-68.66027467
45.10187583,-68.66027467
45.10187583,-68.66027467
45.10187583,-68.66027467
45.10187583,-68.66027467
45.10187583,-68.66027467
45.10187583,-68.66027467
45.1018515,-68.66030517
45.1018515,-68.66030517
45.1018515,-68.66030517
45.1018515,-68.66030517
45.1018515,-68.66030517
45.1018515,-68.66030517
45.1018515,-68.66030517
45.1018515,-68.66030517
45.1018515,-68.66030517
45.1018515,-68.66030517
45.1018515,-68.66030517
45.1018515,-68.66030517
45.1018515,-68.66030517
45.1018515,-68.66030517
45.1018515,-68.66030517
45.1018515,-68.66030517
45.1018515,-68.66030517
45.1018515,-68.66030517
45.1018515,-68.66030517
45.1018515,-68.66030517
45.1018515,-68.66030517
45.1018515,-68.66030517
45.1018515,-68.66030517
45.1018515,-68.66030517
45.1018515,-68.66030517
45.1018355,-68.66032483
45.1018355,-68.66032483
45.1018355,-68.66032483
45.1018355,-68.66032483
45.1018355,-68.66032483
45.1018355,-68.66032483
45.1018355,-68.66032483
45.1018355,-68.66032483
45.1018355,-68.66032483
45.1018355,-68.66032483
45.1018355,-68.66032483
45.1018355,-68.66032483
45.1018355,-68.66032483
45.1018355,-68.66032483
45.1018355,-68.66032483
45.1018355,-68.66032483
45.1018355,-68.66032483
45.1018355,-68.66032483
45.1018355,-68.66032483
45.1018355,-68.66032483
45.1018355,-68.66032483
45.1018355,-68.66032483
45.1018355,-68.66032483
45.1018355,-68.66032483
45.1018355,-68.66032483
45.10181967,-68.66034467
45.10181967,-68.66034467
45.10181967,-68.66034467
45.10181967,-68.66034467
45.10181967,-68.66034467
45.10181967,-68.66034467
45.10181967,-68.66034467
45.10181967,-68.66034467
45.10181967,-68.66034467
45.10181967,-68.66034467
45.10181967,-68.66034467
45.10181967,-68.66034467
45.10181967,-68.66034467
45.10181967,-68.66034467
45.10181967,-68.66034467
45.10181967,-68.66034467
45.10181967,-68.66034467
45.10181967,-68.66034467
45.10181967,-68.66034467
45.10181967,-68.66034467
45.10181967,-68.66034467
45.10181967,-68.66034467
45.10181967,-68.66034467
45.10181967,-68.66034467
45.10181967,-68.66034467
45.10179583,-68.6603735
45.10179583,-68.6603735
45.10179583,-68.6603735
45.10179583,-68.6603735
45.10179583,-68.6603735
45.10179583,-68.6603735
45.10179583,-68.6603735
45.10179583,-68.6603735
45.10179583,-68.6603735
45.10179583,-68.6603735
45.10179583,-68.6603735
45.10179583,-68.6603735
45.10179583,-68.6603735
45.10179583,-68.6603735
45.10179583,-68.6603735
45.10179583,-68.6603735
45.10179583,-68.6603735
45.10179583,-68.6603735
45.10179583,-68.6603735
45.10179583,-68.6603735
45.10179583,-68.6603735
45.10179583,-68.6603735
45.10179583,-68.6603735
45.10179583,-68.6603735
45.10179583,-68.6603735
45.10177833,-68.660393
45.10177833,-68.660393
45.10177833,-68.660393
45.10177833,-68.660393
45.10177833,-68.660393
45.10177833,-68.660393
45.10177833,-68.660393
45.10177833,-68.660393
45.10177833,-68.660393
45.10177833,-68.660393
45.10177833,-68.660393
45.10177833,-68.660393
45.10177833,-68.660393
45.10177833,-68.660393
45.10177833,-68.660393
45.10177833,-68.660393
45.10177833,-68.660393
45.10177833,-68.660393
45.10177833,-68.660393
45.10177833,-68.660393
45.10177833,-68.660393
45.10177833,-68.660393
45.10177833,-68.660393
45.10177833,-68.660393
45.10177833,-68.660393
45.10175117,-68.66042233
45.10175117,-68.66042233
45.10175117,-68.66042233
45.10175117,-68.66042233
45.10175117,-68.66042233
45.10175117,-68.66042233
45.10175117,-68.66042233
45.10175117,-68.66042233
45.10175117,-68.66042233
45.10175117,-68.66042233
45.10175117,-68.66042233
45.10175117,-68.66042233
45.10175117,-68.66042233
45.10175117,-68.66042233
45.10175117,-68.66042233
45.10175117,-68.66042233
45.10175117,-68.66042233
45.10175117,-68.66042233
45.10175117,-68.66042233
45.10175117,-68.66042233
45.10175117,-68.66042233
45.10175117,-68.66042233
45.10175117,-68.66042233
45.10175117,-68.66042233
45.10175117,-68.66042233
45.10173433,-68.6604405
45.10173433,-68.6604405
45.10173433,-68.6604405
45.10173433,-68.6604405
45.10173433,-68.6604405
45.10173433,-68.6604405
45.10173433,-68.6604405
45.10173433,-68.6604405
45.10173433,-68.6604405
45.10173433,-68.6604405
45.10173433,-68.6604405
45.10173433,-68.6604405
45.10173433,-68.6604405
45.10173433,-68.6604405
45.10173433,-68.6604405
45.10173433,-68.6604405
45.10173433,-68.6604405
45.10173433,-68.6604405
45.10173433,-68.6604405
45.10173433,-68.6604405
45.10173433,-68.6604405
45.10173433,-68.6604405
45.10173433,-68.6604405
45.10173433,-68.6604405
45.10173433,-68.6604405
45.10171733,-68.66045867
45.10171733,-68.66045867
45.10171733,-68.66045867
45.10171733,-68.66045867
45.10171733,-68.66045867
45.10171733,-68.66045867
45.10171733,-68.66045867
45.10171733,-68.66045867
45.10171733,-68.66045867
45.10171733,-68.66045867
45.10171733,-68.66045867
45.10171733,-68.66045867
45.10171733,-68.66045867
45.10171733,-68.66045867
45.10171733,-68.66045867
45.10171733,-68.66045867
45.10171733,-68.66045867
45.10171733,-68.66045867
45.10171733,-68.66045867
45.10171733,-68.66045867
45.10171733,-68.66045867
45.10171733,-68.66045867
45.10171733,-68.66045867
45.10171733,-68.66045867
45.10171733,-68.66045867
45.10168983,-68.660486
45.10168983,-68.660486
45.10168983,-68.660486
45.10168983,-68.660486
45.10168983,-68.660486
45.10168983,-68.660486
45.10168983,-68.660486
45.10168983,-68.660486
45.10168983,-68.660486
45.10168983,-68.660486
45.10168983,-68.660486
45.10168983,-68.660486
45.10168983,-68.660486
45.10168983,-68.660486
45.10168983,-68.660486
45.10168983,-68.660486
45.10168983,-68.660486
45.10168983,-68.660486
45.10168983,-68.660486
45.10168983,-68.660486
45.10168983,-68.660486
45.10168983,-68.660486
45.10168983,-68.660486
45.10168983,-68.660486
45.10168983,-68.660486
45.10167217,-68.660504
45.10167217,-68.660504
45.10167217,-68.660504
45.10167217,-68.660504
45.10167217,-68.660504
45.10167217,-68.660504
45.10167217,-68.660504
45.10167217,-68.660504
45.10167217,-68.660504
45.10167217,-68.660504
45.10167217,-68.660504
45.10167217,-68.660504
45.10167217,-68.660504
45.10167217,-68.660504
45.10167217,-68.660504
45.10167217,-68.660504
45.10167217,-68.660504
45.10167217,-68.660504
45.10167217,-68.660504
45.10167217,-68.660504
45.10167217,-68.660504
45.10167217,-68.660504
45.10167217,-68.660504
45.10167217,-68.660504
45.10167217,-68.660504
45.10165367,-68.66052117
45.10165367,-68.66052117
45.10165367,-68.66052117
45.10165367,-68.66052117
45.10165367,-68.66052117
45.10165367,-68.66052117
45.10165367,-68.66052117
45.10165367,-68.66052117
45.10165367,-68.66052117
45.10165367,-68.66052117
45.10165367,-68.66052117
45.10165367,-68.66052117
45.10165367,-68.66052117
45.10165367,-68.66052117
45.10165367,-68.66052117
45.10165367,-68.66052117
45.10165367,-68.66052117
45.10165367,-68.66052117
45.10165367,-68.66052117
45.10165367,-68.66052117
45.10165367,-68.66052117
45.10165367,-68.66052117
45.10165367,-68.66052117
45.10165367,-68.66052117
45.10165367,-68.66052117
45.10162717,-68.6605455
45.10162717,-68.6605455
45.10162717,-68.6605455
45.10162717,-68.6605455
45.10162717,-68.6605455
45.10162717,-68.6605455
45.10162717,-68.6605455
45.10162717,-68.6605455
45.10162717,-68.6605455
45.10162717,-68.6605455
45.10162717,-68.6605455
45.10162717,-68.6605455
45.10162717,-68.6605455
45.10162717,-68.6605455
45.10162717,-68.6605455
45.10162717,-68.6605455
45.10162717,-68.6605455
45.10162717,-68.6605455
45.10162717,-68.6605455
45.10162717,-68.6605455
45.10162717,-68.6605455
45.10162717,-68.6605455
45.10162717,-68.6605455
45.10162717,-68.6605455
45.10162717,-68.6605455
45.10160817,-68.66056133
45.10160817,-68.66056133
45.10160817,-68.66056133
45.10160817,-68.66056133
45.10160817,-68.66056133
45.10160817,-68.66056133
45.10160817,-68.66056133
45.10160817,-68.66056133
45.10160817,-68.66056133
45.10160817,-68.66056133
45.10160817,-68.66056133
45.10160817,-68.66056133
45.10160817,-68.66056133
45.10160817,-68.66056133
45.10160817,-68.66056133
45.10160817,-68.66056133
45.10160817,-68.66056133
45.10160817,-68.66056133
45.10160817,-68.66056133
45.10160817,-68.66056133
45.10160817,-68.66056133
45.10160817,-68.66056133
45.10160817,-68.66056133
45.10160817,-68.66056133
45.10160817,-68.66056133
45.10158967,-68.66057733
45.10158967,-68.66057733
45.10158967,-68.66057733
45.10158967,-68.66057733
45.10158967,-68.66057733
45.10158967,-68.66057733
45.10158967,-68.66057733
45.10158967,-68.66057733
45.10158967,-68.66057733
45.10158967,-68.66057733
45.10158967,-68.66057733
45.10158967,-68.66057733
45.10158967,-68.66057733
45.10158967,-68.66057733
45.10158967,-68.66057733
45.10158967,-68.66057733
45.10158967,-68.66057733
45.10158967,-68.66057733
45.10158967,-68.66057733
45.10158967,-68.66057733
45.10158967,-68.66057733
45.10158967,-68.66057733
45.10158967,-68.66057733
45.10158967,-68.66057733
45.10158967,-68.66057733
45.10156133,-68.66060183
45.10156133,-68.66060183
45.10156133,-68.66060183
45.10156133,-68.66060183
45.10156133,-68.66060183
45.10156133,-68.66060183
45.10156133,-68.66060183
45.10156133,-68.66060183
45.10156133,-68.66060183
45.10156133,-68.66060183
45.10156133,-68.66060183
45.10156133,-68.66060183
45.10156133,-68.66060183
45.10156133,-68.66060183
45.10156133,-68.66060183
45.10156133,-68.66060183
45.10156133,-68.66060183
45.10156133,-68.66060183
45.10156133,-68.66060183
45.10156133,-68.66060183
45.10156133,-68.66060183
45.10156133,-68.66060183
45.10156133,-68.66060183
45.10156133,-68.66060183
45.10156133,-68.66060183
45.10154333,-68.66061733
45.10154333,-68.66061733
45.10154333,-68.66061733
45.10154333,-68.66061733
45.10154333,-68.66061733
45.10154333,-68.66061733
45.10154333,-68.66061733
45.10154333,-68.66061733
45.10154333,-68.66061733
45.10154333,-68.66061733
45.10154333,-68.66061733
45.10154333,-68.66061733
45.10154333,-68.66061733
45.10154333,-68.66061733
45.10154333,-68.66061733
45.10154333,-68.66061733
45.10154333,-68.66061733
45.10154333,-68.66061733
45.10154333,-68.66061733
45.10154333,-68.66061733
45.10154333,-68.66061733
45.10154333,-68.66061733
45.10154333,-68.66061733
45.10154333,-68.66061733
45.10154333,-68.66061733
45.101522,-68.660635
45.101522,-68.660635
45.101522,-68.660635
45.101522,-68.660635
45.101522,-68.660635
45.101522,-68.660635
45.101522,-68.660635
45.101522,-68.660635
45.101522,-68.660635
45.101522,-68.660635
45.101522,-68.660635
45.101522,-68.660635
45.101522,-68.660635
45.101522,-68.660635
45.101522,-68.660635
45.101522,-68.660635
45.101522,-68.660635
45.101522,-68.660635
45.101522,-68.660635
45.101522,-68.660635
45.101522,-68.660635
45.101522,-68.660635
45.101522,-68.660635
45.101522,-68.660635
45.101522,-68.660635
45.10149233,-68.66065833
45.10149233,-68.66065833
45.10149233,-68.66065833
45.10149233,-68.66065833
45.10149233,-68.66065833
45.10149233,-68.66065833
45.10149233,-68.66065833
45.10149233,-68.66065833
45.10149233,-68.66065833
45.10149233,-68.66065833
45.10149233,-68.66065833
45.10149233,-68.66065833
45.10149233,-68.66065833
45.10149233,-68.66065833
45.10149233,-68.66065833
45.10149233,-68.66065833
45.10149233,-68.66065833
45.10149233,-68.66065833
45.10149233,-68.66065833
45.10149233,-68.66065833
45.10149233,-68.66065833
45.10149233,-68.66065833
45.10149233,-68.66065833
45.10149233,-68.66065833
45.10149233,-68.66065833
45.10147317,-68.66067233
45.10147317,-68.66067233
45.10147317,-68.66067233
45.10147317,-68.66067233
45.10147317,-68.66067233
45.10147317,-68.66067233
45.10147317,-68.66067233
45.10147317,-68.66067233
45.10147317,-68.66067233
45.10147317,-68.66067233
45.10147317,-68.66067233
45.10147317,-68.66067233
45.10147317,-68.66067233
45.10147317,-68.66067233
45.10147317,-68.66067233
45.10147317,-68.66067233
45.10147317,-68.66067233
45.10147317,-68.66067233
45.10147317,-68.66067233
45.10147317,-68.66067233
45.10147317,-68.66067233
45.10147317,-68.66067233
45.10147317,-68.66067233
45.10147317,-68.66067233
45.10147317,-68.66067233
45.10144367,-68.66069383
45.10144367,-68.66069383
45.10144367,-68.66069383
45.10144367,-68.66069383
45.10144367,-68.66069383
45.10144367,-68.66069383
45.10144367,-68.66069383
45.10144367,-68.66069383
45.10144367,-68.66069383
45.10144367,-68.66069383
45.10144367,-68.66069383
45.10144367,-68.66069383
45.10144367,-68.66069383
45.10144367,-68.66069383
45.10144367,-68.66069383
45.10144367,-68.66069383
45.10144367,-68.66069383
45.10144367,-68.66069383
45.10144367,-68.66069383
45.10144367,-68.66069383
45.10144367,-68.66069383
45.10144367,-68.66069383
45.10144367,-68.66069383
45.10144367,-68.66069383
45.10144367,-68.66069383
45.1014235,-68.6607085
45.1014235,-68.6607085
45.1014235,-68.6607085
45.1014235,-68.6607085
45.1014235,-68.6607085
45.1014235,-68.6607085
45.1014235,-68.6607085
45.1014235,-68.6607085
45.1014235,-68.6607085
45.1014235,-68.6607085
45.1014235,-68.6607085
45.1014235,-68.6607085
45.1014235,-68.6607085
45.1014235,-68.6607085
45.1014235,-68.6607085
45.1014235,-68.6607085
45.1014235,-68.6607085
45.1014235,-68.6607085
45.1014235,-68.6607085
45.1014235,-68.6607085
45.1014235,-68.6607085
45.1014235,-68.6607085
45.1014235,-68.6607085
45.1014235,-68.6607085
45.1014235,-68.6607085
45.10140433,-68.66072367
45.10140433,-68.66072367
45.10140433,-68.66072367
45.10140433,-68.66072367
45.10140433,-68.66072367
45.10140433,-68.66072367
45.10140433,-68.66072367
45.10140433,-68.66072367
45.10140433,-68.66072367
45.10140433,-68.66072367
45.10140433,-68.66072367
45.10140433,-68.66072367
45.10140433,-68.66072367
45.10140433,-68.66072367
45.10140433,-68.66072367
45.10140433,-68.66072367
45.10140433,-68.66072367
45.10140433,-68.66072367
45.10140433,-68.66072367
45.10140433,-68.66072367
45.10140433,-68.66072367
45.10140433,-68.66072367
45.10140433,-68.66072367
45.10140433,-68.66072367
45.10140433,-68.66072367
45.1013765,-68.66074517
45.1013765,-68.66074517
45.1013765,-68.66074517
45.1013765,-68.66074517
45.1013765,-68.66074517
45.1013765,-68.66074517
45.1013765,-68.66074517
45.1013765,-68.66074517
45.1013765,-68.66074517
45.1013765,-68.66074517
45.1013765,-68.66074517
45.1013765,-68.66074517
45.1013765,-68.66074517
45.1013765,-68.66074517
45.1013765,-68.66074517
45.1013765,-68.66074517
45.1013765,-68.66074517
45.1013765,-68.66074517
45.1013765,-68.66074517
45.1013765,-68.66074517
45.1013765,-68.66074517
45.1013765,-68.66074517
45.1013765,-68.66074517
45.1013765,-68.66074517
45.1013765,-68.66074517
45.10135767,-68.66075967
45.10135767,-68.66075967
45.10135767,-68.66075967
45.10135767,-68.66075967
45.10135767,-68.66075967
45.10135767,-68.66075967
45.10135767,-68.66075967
45.10135767,-68.66075967
45.10135767,-68.66075967
45.10135767,-68.66075967
45.10135767,-68.66075967
45.10135767,-68.66075967
45.10135767,-68.66075967
45.10135767,-68.66075967
45.10135767,-68.66075967
45.10135767,-68.66075967
45.10135767,-68.66075967
45.10135767,-68.66075967
45.10135767,-68.66075967
45.10135767,-68.66075967
45.10135767,-68.66075967
45.10135767,-68.66075967
45.10135767,-68.66075967
45.10135767,-68.66075967
45.10135767,-68.66075967
45.101338,-68.66077467
45.101338,-68.66077467
45.101338,-68.66077467
45.101338,-68.66077467
45.101338,-68.66077467
45.101338,-68.66077467
45.101338,-68.66077467
45.101338,-68.66077467
45.101338,-68.66077467
45.101338,-68.66077467
45.101338,-68.66077467
45.101338,-68.66077467
45.101338,-68.66077467
45.101338,-68.66077467
45.101338,-68.66077467
45.101338,-68.66077467
45.101338,-68.66077467
45.101338,-68.66077467
45.101338,-68.66077467
45.101338,-68.66077467
45.101338,-68.66077467
45.101338,-68.66077467
45.101338,-68.66077467
45.101338,-68.66077467
45.101338,-68.66077467
45.1013095,-68.66079583
45.1013095,-68.66079583
45.1013095,-68.66079583
45.1013095,-68.66079583
45.1013095,-68.66079583
45.1013095,-68.66079583
45.1013095,-68.66079583
45.1013095,-68.66079583
45.1013095,-68.66079583
45.1013095,-68.66079583
45.1013095,-68.66079583
45.1013095,-68.66079583
45.1013095,-68.66079583
45.1013095,-68.66079583
45.1013095,-68.66079583
45.1013095,-68.66079583
45.1013095,-68.66079583
45.1013095,-68.66079583
45.1013095,-68.66079583
45.1013095,-68.66079583
45.1013095,-68.66079583
45.1013095,-68.66079583
45.1013095,-68.66079583
45.1013095,-68.66079583
45.1013095,-68.66079583
45.10128883,-68.66081083
45.10128883,-68.66081083
45.10128883,-68.66081083
45.10128883,-68.66081083
45.10128883,-68.66081083
45.10128883,-68.66081083
45.10128883,-68.66081083
45.10128883,-68.66081083
45.10128883,-68.66081083
45.10128883,-68.66081083
45.10128883,-68.66081083
45.10128883,-68.66081083
45.10128883,-68.66081083
45.10128883,-68.66081083
45.10128883,-68.66081083
45.10128883,-68.66081083
45.10128883,-68.66081083
45.10128883,-68.66081083
45.10128883,-68.66081083
45.10128883,-68.66081083
45.10128883,-68.66081083
45.10128883,-68.66081083
45.10128883,-68.66081083
45.10128883,-68.66081083
45.10128883,-68.66081083
45.10126967,-68.660825
45.10126967,-68.660825
45.10126967,-68.660825
45.10126967,-68.660825
45.10126967,-68.660825
45.10126967,-68.660825
45.10126967,-68.660825
45.10126967,-68.660825
45.10126967,-68.660825
45.10126967,-68.660825
45.10126967,-68.660825
45.10126967,-68.660825
45.10126967,-68.660825
45.10126967,-68.660825
45.10126967,-68.660825
45.10126967,-68.660825
45.10126967,-68.660825
45.10126967,-68.660825
45.10126967,-68.660825
45.10126967,-68.660825
45.10126967,-68.660825
45.10126967,-68.660825
45.10126967,-68.660825
45.10126967,-68.660825
45.10126967,-68.660825
45.10123983,-68.66084717
45.10123983,-68.66084717
45.10123983,-68.66084717
45.10123983,-68.66084717
45.10123983,-68.66084717
45.10123983,-68.66084717
45.10123983,-68.66084717
45.10123983,-68.66084717
45.10123983,-68.66084717
45.10123983,-68.66084717
45.10123983,-68.66084717
45.10123983,-68.66084717
45.10123983,-68.66084717
45.10123983,-68.66084717
45.10123983,-68.66084717
45.10123983,-68.66084717
45.10123983,-68.66084717
45.10123983,-68.66084717
45.10123983,-68.66084717
45.10123983,-68.66084717
45.10123983,-68.66084717
45.10123983,-68.66084717
45.10123983,-68.66084717
45.10123983,-68.66084717
45.10123983,-68.66084717
45.10121967,-68.66086217
45.10121967,-68.66086217
45.10121967,-68.66086217
45.10121967,-68.66086217
45.10121967,-68.66086217
45.10121967,-68.66086217
45.10121967,-68.66086217
45.10121967,-68.66086217
45.10121967,-68.66086217
45.10121967,-68.66086217
45.10121967,-68.66086217
45.10121967,-68.66086217
45.10121967,-68.66086217
45.10121967,-68.66086217
45.10121967,-68.66086217
45.10121967,-68.66086217
45.10121967,-68.66086217
45.10121967,-68.66086217
45.10121967,-68.66086217
45.10121967,-68.66086217
45.10121967,-68.66086217
45.10121967,-68.66086217
45.10121967,-68.66086217
45.10121967,-68.66086217
45.10121967,-68.66086217
45.10118917,-68.66088417
45.10118917,-68.66088417
45.10118917,-68.66088417
45.10118917,-68.66088417
45.10118917,-68.66088417
45.10118917,-68.66088417
45.10118917,-68.66088417
45.10118917,-68.66088417
45.10118917,-68.66088417
45.10118917,-68.66088417
45.10118917,-68.66088417
45.10118917,-68.66088417
45.10118917,-68.66088417
45.10118917,-68.66088417
45.10118917,-68.66088417
45.10118917,-68.66088417
45.10118917,-68.66088417
45.10118917,-68.66088417
45.10118917,-68.66088417
45.10118917,-68.66088417
45.10118917,-68.66088417
45.10118917,-68.66088417
45.10118917,-68.66088417
45.10118917,-68.66088417
45.10118917,-68.66088417
45.10116967,-68.66089683
45.10116967,-68.66089683
45.10116967,-68.66089683
45.10116967,-68.66089683
45.10116967,-68.66089683
45.10116967,-68.66089683
45.10116967,-68.66089683
45.10116967,-68.66089683
45.10116967,-68.66089683
45.10116967,-68.66089683
45.10116967,-68.66089683
45.10116967,-68.66089683
45.10116967,-68.66089683
45.10116967,-68.66089683
45.10116967,-68.66089683
45.10116967,-68.66089683
45.10116967,-68.66089683
45.10116967,-68.66089683
45.10116967,-68.66089683
45.10116967,-68.66089683
45.10116967,-68.66089683
45.10116967,-68.66089683
45.10116967,-68.66089683
45.10116967,-68.66089683
45.10116967,-68.66089683
45.1011475,-68.6609115
45.1011475,-68.6609115
45.1011475,-68.6609115
45.1011475,-68.6609115
45.1011475,-68.6609115
45.1011475,-68.6609115
45.1011475,-68.6609115
45.1011475,-68.6609115
45.1011475,-68.6609115
45.1011475,-68.6609115
45.1011475,-68.6609115
45.1011475,-68.6609115
45.1011475,-68.6609115
45.1011475,-68.6609115
45.1011475,-68.6609115
45.1011475,-68.6609115
45.1011475,-68.6609115
45.1011475,-68.6609115
45.1011475,-68.6609115
45.1011475,-68.6609115
45.1011475,-68.6609115
45.1011475,-68.6609115
45.1011475,-68.6609115
45.1011475,-68.6609115
45.1011475,-68.6609115
45.10111333,-68.660933
45.10111333,-68.660933
45.10111333,-68.660933
45.10111333,-68.660933
45.10111333,-68.660933
45.10111333,-68.660933
45.10111333,-68.660933
45.10111333,-68.660933
45.10111333,-68.660933
45.10111333,-68.660933
45.10111333,-68.660933
45.10111333,-68.660933
45.10111333,-68.660933
45.10111333,-68.660933
45.10111333,-68.660933
45.10111333,-68.660933
45.10111333,-68.660933
45.10111333,-68.660933
45.10111333,-68.660933
45.10111333,-68.660933
45.10111333,-68.660933
45.10111333,-68.660933
45.10111333,-68.660933
45.10111333,-68.660933
45.10111333,-68.660933
45.1010915,-68.66094617
45.1010915,-68.66094617
45.1010915,-68.66094617
45.1010915,-68.66094617
45.1010915,-68.66094617
45.1010915,-68.66094617
45.1010915,-68.66094617
45.1010915,-68.66094617
45.1010915,-68.66094617
45.1010915,-68.66094617
45.1010915,-68.66094617
45.1010915,-68.66094617
45.1010915,-68.66094617
45.1010915,-68.66094617
45.1010915,-68.66094617
45.1010915,-68.66094617
45.1010915,-68.66094617
45.1010915,-68.66094617
45.1010915,-68.66094617
45.1010915,-68.66094617
45.1010915,-68.66094617
45.1010915,-68.66094617
45.1010915,-68.66094617
45.1010915,-68.66094617
45.1010915,-68.66094617
45.10107,-68.66095933
45.10107,-68.66095933
45.10107,-68.66095933
45.10107,-68.66095933
45.10107,-68.66095933
45.10107,-68.66095933
45.10107,-68.66095933
45.10107,-68.66095933
45.10107,-68.66095933
45.10107,-68.66095933
45.10107,-68.66095933
45.10107,-68.66095933
45.10107,-68.66095933
45.10107,-68.66095933
45.10107,-68.66095933
45.10107,-68.66095933
45.10107,-68.66095933
45.10107,-68.66095933
45.10107,-68.66095933
45.10107,-68.66095933
45.10107,-68.66095933
45.10107,-68.66095933
45.10107,-68.66095933
45.10107,-68.66095933
45.10107,-68.66095933
45.10103717,-68.66098017
45.10103717,-68.66098017
45.10103717,-68.66098017
45.10103717,-68.66098017
45.10103717,-68.66098017
45.10103717,-68.66098017
45.10103717,-68.66098017
45.10103717,-68.66098017
45.10103717,-68.66098017
45.10103717,-68.66098017
45.10103717,-68.66098017
45.10103717,-68.66098017
45.10103717,-68.66098017
45.10103717,-68.66098017
45.10103717,-68.66098017
45.10103717,-68.66098017
45.10103717,-68.66098017
45.10103717,-68.66098017
45.10103717,-68.66098017
45.10103717,-68.66098017
45.10103717,-68.66098017
45.10103717,-68.66098017
45.10103717,-68.66098017
45.10103717,-68.66098017
45.10103717,-68.66098017
45.10101633,-68.6609925
45.10101633,-68.6609925
45.10101633,-68.6609925
45.10101633,-68.6609925
45.10101633,-68.6609925
45.10101633,-68.6609925
45.10101633,-68.6609925
45.10101633,-68.6609925
45.10101633,-68.6609925
45.10101633,-68.6609925
45.10101633,-68.6609925
45.10101633,-68.6609925
45.10101633,-68.6609925
45.10101633,-68.6609925
45.10101633,-68.6609925
45.10101633,-68.6609925
45.10101633,-68.6609925
45.10101633,-68.6609925
45.10101633,-68.6609925
45.10101633,-68.6609925
45.10101633,-68.6609925
45.10101633,-68.6609925
45.10101633,-68.6609925
45.10101633,-68.6609925
45.10101633,-68.6609925
45.10099467,-68.66100433
45.10099467,-68.66100433
45.10099467,-68.66100433
45.10099467,-68.66100433
45.10099467,-68.66100433
45.10099467,-68.66100433
45.10099467,-68.66100433
45.10099467,-68.66100433
45.10099467,-68.66100433
45.10099467,-68.66100433
45.10099467,-68.66100433
45.10099467,-68.66100433
45.10099467,-68.66100433
45.10099467,-68.66100433
45.10099467,-68.66100433
45.10099467,-68.66100433
45.10099467,-68.66100433
45.10099467,-68.66100433
45.10099467,-68.66100433
45.10099467,-68.66100433
45.10099467,-68.66100433
45.10099467,-68.66100433
45.10099467,-68.66100433
45.10099467,-68.66100433
45.10099467,-68.66100433
45.10096083,-68.66102267
45.10096083,-68.66102267
45.10096083,-68.66102267
45.10096083,-68.66102267
45.10096083,-68.66102267
45.10096083,-68.66102267
45.10096083,-68.66102267
45.10096083,-68.66102267
45.10096083,-68.66102267
45.10096083,-68.66102267
45.10096083,-68.66102267
45.10096083,-68.66102267
45.10096083,-68.66102267
45.10096083,-68.66102267
45.10096083,-68.66102267
45.10096083,-68.66102267
45.10096083,-68.66102267
45.10096083,-68.66102267
45.10096083,-68.66102267
45.10096083,-68.66102267
45.10096083,-68.66102267
45.10096083,-68.66102267
45.10096083,-68.66102267
45.10096083,-68.66102267
45.10096083,-68.66102267
45.10093767,-68.66103483
45.10093767,-68.66103483
45.10093767,-68.66103483
45.10093767,-68.66103483
45.10093767,-68.66103483
45.10093767,-68.66103483
45.10093767,-68.66103483
45.10093767,-68.66103483
45.10093767,-68.66103483
45.10093767,-68.66103483
45.10093767,-68.66103483
45.10093767,-68.66103483
45.10093767,-68.66103483
45.10093767,-68.66103483
45.10093767,-68.66103483
45.10093767,-68.66103483
45.10093767,-68.66103483
45.10093767,-68.66103483
45.10093767,-68.66103483
45.10093767,-68.66103483
45.10093767,-68.66103483
45.10093767,-68.66103483
45.10093767,-68.66103483
45.10093767,-68.66103483
45.10093767,-68.66103483
45.100915,-68.66104617
45.100915,-68.66104617
45.100915,-68.66104617
45.100915,-68.66104617
45.100915,-68.66104617
45.100915,-68.66104617
45.100915,-68.66104617
45.100915,-68.66104617
45.100915,-68.66104617
45.100915,-68.66104617
45.100915,-68.66104617
45.100915,-68.66104617
45.100915,-68.66104617
45.100915,-68.66104617
45.100915,-68.66104617
45.100915,-68.66104617
45.100915,-68.66104617
45.100915,-68.66104617
45.100915,-68.66104617
45.100915,-68.66104617
45.100915,-68.66104617
45.100915,-68.66104617
45.100915,-68.66104617
45.100915,-68.66104617
45.100915,-68.66104617
45.10088167,-68.66106433
45.10088167,-68.66106433
45.10088167,-68.66106433
45.10088167,-68.66106433
45.10088167,-68.66106433
45.10088167,-68.66106433
45.10088167,-68.66106433
45.10088167,-68.66106433
45.10088167,-68.66106433
45.10088167,-68.66106433
45.10088167,-68.66106433
45.10088167,-68.66106433
45.10088167,-68.66106433
45.10088167,-68.66106433
45.10088167,-68.66106433
45.10088167,-68.66106433
45.10088167,-68.66106433
45.10088167,-68.66106433
45.10088167,-68.66106433
45.10088167,-68.66106433
45.10088167,-68.66106433
45.10088167,-68.66106433
45.10088167,-68.66106433
45.10088167,-68.66106433
45.10088167,-68.66106433
45.10085917,-68.6610765
45.10085917,-68.6610765
45.10085917,-68.6610765
45.10085917,-68.6610765
45.10085917,-68.6610765
45.10085917,-68.6610765
45.10085917,-68.6610765
45.10085917,-68.6610765
45.10085917,-68.6610765
45.10085917,-68.6610765
45.10085917,-68.6610765
45.10085917,-68.6610765
45.10085917,-68.6610765
45.10085917,-68.6610765
45.10085917,-68.6610765
45.10085917,-68.6610765
45.10085917,-68.6610765
45.10085917,-68.6610765
45.10085917,-68.6610765
45.10085917,-68.6610765
45.10085917,-68.6610765
45.10085917,-68.6610765
45.10085917,-68.6610765
45.10085917,-68.6610765
45.10085917,-68.6610765
45.1008265,-68.6610935
45.1008265,-68.6610935
45.1008265,-68.6610935
45.1008265,-68.6610935
45.1008265,-68.6610935
45.1008265,-68.6610935
45.1008265,-68.6610935
45.1008265,-68.6610935
45.1008265,-68.6610935
45.1008265,-68.6610935
45.1008265,-68.6610935
45.1008265,-68.6610935
45.1008265,-68.6610935
45.1008265,-68.6610935
45.1008265,-68.6610935
45.1008265,-68.6610935
45.1008265,-68.6610935
45.1008265,-68.6610935
45.1008265,-68.6610935
45.1008265,-68.6610935
45.1008265,-68.6610935
45.1008265,-68.6610935
45.1008265,-68.6610935
45.1008265,-68.6610935
45.1008265,-68.6610935
45.10080367,-68.66110467
45.10080367,-68.66110467
45.10080367,-68.66110467
45.10080367,-68.66110467
45.10080367,-68.66110467
45.10080367,-68.66110467
45.10080367,-68.66110467
45.10080367,-68.66110467
45.10080367,-68.66110467
45.10080367,-68.66110467
45.10080367,-68.66110467
45.10080367,-68.66110467
45.10080367,-68.66110467
45.10080367,-68.66110467
45.10080367,-68.66110467
45.10080367,-68.66110467
45.10080367,-68.66110467
45.10080367,-68.66110467
45.10080367,-68.66110467
45.10080367,-68.66110467
45.10080367,-68.66110467
45.10080367,-68.66110467
45.10080367,-68.66110467
45.10080367,-68.66110467
45.10080367,-68.66110467
45.10078033,-68.6611155
45.10078033,-68.6611155
45.10078033,-68.6611155
45.10078033,-68.6611155
45.10078033,-68.6611155
45.10078033,-68.6611155
45.10078033,-68.6611155
45.10078033,-68.6611155
45.10078033,-68.6611155
45.10078033,-68.6611155
45.10078033,-68.6611155
45.10078033,-68.6611155
45.10078033,-68.6611155
45.10078033,-68.6611155
45.10078033,-68.6611155
45.10078033,-68.6611155
45.10078033,-68.6611155
45.10078033,-68.6611155
45.10078033,-68.6611155
45.10078033,-68.6611155
45.10078033,-68.6611155
45.10078033,-68.6611155
45.10078033,-68.6611155
45.10078033,-68.6611155
45.10078033,-68.6611155
45.1007465,-68.66113083
45.1007465,-68.66113083
45.1007465,-68.66113083
45.1007465,-68.66113083
45.1007465,-68.66113083
45.1007465,-68.66113083
45.1007465,-68.66113083
45.1007465,-68.66113083
45.1007465,-68.66113083
45.1007465,-68.66113083
45.1007465,-68.66113083
45.1007465,-68.66113083
45.1007465,-68.66113083
45.1007465,-68.66113083
45.1007465,-68.66113083
45.1007465,-68.66113083
45.1007465,-68.66113083
45.1007465,-68.66113083
45.1007465,-68.66113083
45.1007465,-68.66113083
45.1007465,-68.66113083
45.1007465,-68.66113083
45.1007465,-68.66113083
45.1007465,-68.66113083
45.1007465,-68.66113083
45.10072283,-68.66114067
45.10072283,-68.66114067
45.10072283,-68.66114067
45.10072283,-68.66114067
45.10072283,-68.66114067
45.10072283,-68.66114067
45.10072283,-68.66114067
45.10072283,-68.66114067
45.10072283,-68.66114067
45.10072283,-68.66114067
45.10072283,-68.66114067
45.10072283,-68.66114067
45.10072283,-68.66114067
45.10072283,-68.66114067
45.10072283,-68.66114067
45.10072283,-68.66114067
45.10072283,-68.66114067
45.10072283,-68.66114067
45.10072283,-68.66114067
45.10072283,-68.66114067
45.10072283,-68.66114067
45.10072283,-68.66114067
45.10072283,-68.66114067
45.10072283,-68.66114067
45.10072283,-68.66114067
45.10069867,-68.6611505
45.10069867,-68.6611505
45.10069867,-68.6611505
45.10069867,-68.6611505
45.10069867,-68.6611505
45.10069867,-68.6611505
45.10069867,-68.6611505
45.10069867,-68.6611505
45.10069867,-68.6611505
45.10069867,-68.6611505
45.10069867,-68.6611505
45.10069867,-68.6611505
45.10069867,-68.6611505
45.10069867,-68.6611505
45.10069867,-68.6611505
45.10069867,-68.6611505
45.10069867,-68.6611505
45.10069867,-68.6611505
45.10069867,-68.6611505
45.10069867,-68.6611505
45.10069867,-68.6611505
45.10069867,-68.6611505
45.10069867,-68.6611505
45.10069867,-68.6611505
45.10069867,-68.6611505
45.1006615,-68.66116483
45.1006615,-68.66116483
45.1006615,-68.66116483
45.1006615,-68.66116483
45.1006615,-68.66116483
45.1006615,-68.66116483
45.1006615,-68.66116483
45.1006615,-68.66116483
45.1006615,-68.66116483
45.1006615,-68.66116483
45.1006615,-68.66116483
45.1006615,-68.66116483
45.1006615,-68.66116483
45.1006615,-68.66116483
45.1006615,-68.66116483
45.1006615,-68.66116483
45.1006615,-68.66116483
45.1006615,-68.66116483
45.1006615,-68.66116483
45.1006615,-68.66116483
45.1006615,-68.66116483
45.1006615,-68.66116483
45.1006615,-68.66116483
45.1006615,-68.66116483
45.1006615,-68.66116483
45.10063683,-68.66117433
45.10063683,-68.66117433
45.10063683,-68.66117433
45.10063683,-68.66117433
45.10063683,-68.66117433
45.10063683,-68.66117433
45.10063683,-68.66117433
45.10063683,-68.66117433
45.10063683,-68.66117433
45.10063683,-68.66117433
45.10063683,-68.66117433
45.10063683,-68.66117433
45.10063683,-68.66117433
45.10063683,-68.66117433
45.10063683,-68.66117433
45.10063683,-68.66117433
45.10063683,-68.66117433
45.10063683,-68.66117433
45.10063683,-68.66117433
45.10063683,-68.66117433
45.10063683,-68.66117433
45.10063683,-68.66117433
45.10063683,-68.66117433
45.10063683,-68.66117433
45.10063683,-68.66117433
45.10061183,-68.66118433
45.10061183,-68.66118433
45.10061183,-68.66118433
45.10061183,-68.66118433
45.10061183,-68.66118433
45.10061183,-68.66118433
45.10061183,-68.66118433
45.10061183,-68.66118433
45.10061183,-68.66118433
45.10061183,-68.66118433
45.10061183,-68.66118433
45.10061183,-68.66118433
45.10061183,-68.66118433
45.10061183,-68.66118433
45.10061183,-68.66118433
45.10061183,-68.66118433
45.10061183,-68.66118433
45.10061183,-68.66118433
45.10061183,-68.66118433
45.10061183,-68.66118433
45.10061183,-68.66118433
45.10061183,-68.66118433
45.10061183,-68.66118433
45.10061183,-68.66118433
45.10061183,-68.66118433
45.100575,-68.66119917
45.100575,-68.66119917
45.100575,-68.66119917
45.100575,-68.66119917
45.100575,-68.66119917
45.100575,-68.66119917
45.100575,-68.66119917
45.100575,-68.66119917
45.100575,-68.66119917
45.100575,-68.66119917
45.100575,-68.66119917
45.100575,-68.66119917
45.100575,-68.66119917
45.100575,-68.66119917
45.100575,-68.66119917
45.100575,-68.66119917
45.100575,-68.66119917
45.100575,-68.66119917
45.100575,-68.66119917
45.100575,-68.66119917
45.100575,-68.66119917
45.100575,-68.66119917
45.100575,-68.66119917
45.100575,-68.66119917
45.100575,-68.66119917
45.10055117,-68.66120883
45.10055117,-68.66120883
45.10055117,-68.66120883
45.10055117,-68.66120883
45.10055117,-68.66120883
45.10055117,-68.66120883
45.10055117,-68.66120883
45.10055117,-68.66120883
45.10055117,-68.66120883
45.10055117,-68.66120883
45.10055117,-68.66120883
45.10055117,-68.66120883
45.10055117,-68.66120883
45.10055117,-68.66120883
45.10055117,-68.66120883
45.10055117,-68.66120883
45.10055117,-68.66120883
45.10055117,-68.66120883
45.10055117,-68.66120883
45.10055117,-68.66120883
45.10055117,-68.66120883
45.10055117,-68.66120883
45.10055117,-68.66120883
45.10055117,-68.66120883
45.10055117,-68.66120883
45.10051683,-68.661225
45.10051683,-68.661225
45.10051683,-68.661225
45.10051683,-68.661225
45.10051683,-68.661225
45.10051683,-68.661225
45.10051683,-68.661225
45.10051683,-68.661225
45.10051683,-68.661225
45.10051683,-68.661225
45.10051683,-68.661225
45.10051683,-68.661225
45.10051683,-68.661225
45.10051683,-68.661225
45.10051683,-68.661225
45.10051683,-68.661225
45.10051683,-68.661225
45.10051683,-68.661225
45.10051683,-68.661225
45.10051683,-68.661225
45.10051683,-68.661225
45.10051683,-68.661225
45.10051683,-68.661225
45.10051683,-68.661225
45.10051683,-68.661225
45.10049333,-68.66123633
45.10049333,-68.66123633
45.10049333,-68.66123633
45.10049333,-68.66123633
45.10049333,-68.66123633
45.10049333,-68.66123633
45.10049333,-68.66123633
45.10049333,-68.66123633
45.10049333,-68.66123633
45.10049333,-68.66123633
45.10049333,-68.66123633
45.10049333,-68.66123633
45.10049333,-68.66123633
45.10049333,-68.66123633
45.10049333,-68.66123633
45.10049333,-68.66123633
45.10049333,-68.66123633
45.10049333,-68.66123633
45.10049333,-68.66123633
45.10049333,-68.66123633
45.10049333,-68.66123633
45.10049333,-68.66123633
45.10049333,-68.66123633
45.10049333,-68.66123633
45.10049333,-68.66123633
45.10046933,-68.66124883
45.10046933,-68.66124883
45.10046933,-68.66124883
45.10046933,-68.66124883
45.10046933,-68.66124883
45.10046933,-68.66124883
45.10046933,-68.66124883
45.10046933,-68.66124883
45.10046933,-68.66124883
45.10046933,-68.66124883
45.10046933,-68.66124883
45.10046933,-68.66124883
45.10046933,-68.66124883
45.10046933,-68.66124883
45.10046933,-68.66124883
45.10046933,-68.66124883
45.10046933,-68.66124883
45.10046933,-68.66124883
45.10046933,-68.66124883
45.10046933,-68.66124883
45.10046933,-68.66124883
45.10046933,-68.66124883
45.10046933,-68.66124883
45.10046933,-68.66124883
45.10046933,-68.66124883
45.10043417,-68.661266
45.10043417,-68.661266
45.10043417,-68.661266
45.10043417,-68.661266
45.10043417,-68.661266
45.10043417,-68.661266
45.10043417,-68.661266
45.10043417,-68.661266
45.10043417,-68.661266
45.10043417,-68.661266
45.10043417,-68.661266
45.10043417,-68.661266
45.10043417,-68.661266
45.10043417,-68.661266
45.10043417,-68.661266
45.10043417,-68.661266
45.10043417,-68.661266
45.10043417,-68.661266
45.10043417,-68.661266
45.10043417,-68.661266
45.10043417,-68.661266
45.10043417,-68.661266
45.10043417,-68.661266
45.10043417,-68.661266
45.10043417,-68.661266
45.100411,-68.6612775
45.100411,-68.6612775
45.100411,-68.6612775
45.100411,-68.6612775
45.100411,-68.6612775
45.100411,-68.6612775
45.100411,-68.6612775
45.100411,-68.6612775
45.100411,-68.6612775
45.100411,-68.6612775
45.100411,-68.6612775
45.100411,-68.6612775
45.100411,-68.6612775
45.100411,-68.6612775
45.100411,-68.6612775
45.100411,-68.6612775
45.100411,-68.6612775
45.100411,-68.6612775
45.100411,-68.6612775
45.100411,-68.6612775
45.100411,-68.6612775
45.100411,-68.6612775
45.100411,-68.6612775
45.100411,-68.6612775
45.100411,-68.6612775
45.10038833,-68.6612895
45.10038833,-68.6612895
45.10038833,-68.6612895
45.10038833,-68.6612895
45.10038833,-68.6612895
45.10038833,-68.6612895
45.10038833,-68.6612895
45.10038833,-68.6612895
45.10038833,-68.6612895
45.10038833,-68.6612895
45.10038833,-68.6612895
45.10038833,-68.6612895
45.10038833,-68.6612895
45.10038833,-68.6612895
45.10038833,-68.6612895
45.10038833,-68.6612895
45.10038833,-68.6612895
45.10038833,-68.6612895
45.10038833,-68.6612895
45.10038833,-68.6612895
45.10038833,-68.6612895
45.10038833,-68.6612895
45.10038833,-68.6612895
45.10038833,-68.6612895
45.10038833,-68.6612895
45.10035267,-68.66130567
45.10035267,-68.66130567
45.10035267,-68.66130567
45.10035267,-68.66130567
45.10035267,-68.66130567
45.10035267,-68.66130567
45.10035267,-68.66130567
45.10035267,-68.66130567
45.10035267,-68.66130567
45.10035267,-68.66130567
45.10035267,-68.66130567
45.10035267,-68.66130567
45.10035267,-68.66130567
45.10035267,-68.66130567
45.10035267,-68.66130567
45.10035267,-68.66130567
45.10035267,-68.66130567
45.10035267,-68.66130567
45.10035267,-68.66130567
45.10035267,-68.66130567
45.10035267,-68.66130567
45.10035267,-68.66130567
45.10035267,-68.66130567
45.10035267,-68.66130567
45.10035267,-68.66130567
45.10032967,-68.6613155
45.10032967,-68.6613155
45.10032967,-68.6613155
45.10032967,-68.6613155
45.10032967,-68.6613155
45.10032967,-68.6613155
45.10032967,-68.6613155
45.10032967,-68.6613155
45.10032967,-68.6613155
45.10032967,-68.6613155
45.10032967,-68.6613155
45.10032967,-68.6613155
45.10032967,-68.6613155
45.10032967,-68.6613155
45.10032967,-68.6613155
45.10032967,-68.6613155
45.10032967,-68.6613155
45.10032967,-68.6613155
45.10032967,-68.6613155
45.10032967,-68.6613155
45.10032967,-68.6613155
45.10032967,-68.6613155
45.10032967,-68.6613155
45.10032967,-68.6613155
45.10032967,-68.6613155
45.100305,-68.66132517
45.100305,-68.66132517
45.100305,-68.66132517
45.100305,-68.66132517
45.100305,-68.66132517
45.100305,-68.66132517
45.100305,-68.66132517
45.100305,-68.66132517
45.100305,-68.66132517
45.100305,-68.66132517
45.100305,-68.66132517
45.100305,-68.66132517
45.100305,-68.66132517
45.100305,-68.66132517
45.100305,-68.66132517
45.100305,-68.66132517
45.100305,-68.66132517
45.100305,-68.66132517
45.100305,-68.66132517
45.100305,-68.66132517
45.100305,-68.66132517
45.100305,-68.66132517
45.100305,-68.66132517
45.100305,-68.66132517
45.100305,-68.66132517
45.10026867,-68.66133833
45.10026867,-68.66133833
45.10026867,-68.66133833
45.10026867,-68.66133833
45.10026867,-68.66133833
45.10026867,-68.66133833
45.10026867,-68.66133833
45.10026867,-68.66133833
45.10026867,-68.66133833
45.10026867,-68.66133833
45.10026867,-68.66133833
45.10026867,-68.66133833
45.10026867,-68.66133833
45.10026867,-68.66133833
45.10026867,-68.66133833
45.10026867,-68.66133833
45.10026867,-68.66133833
45.10026867,-68.66133833
45.10026867,-68.66133833
45.10026867,-68.66133833
45.10026867,-68.66133833
45.10026867,-68.66133833
45.10026867,-68.66133833
45.10026867,-68.66133833
45.10026867,-68.66133833
45.10024317,-68.66134733
45.10024317,-68.66134733
45.10024317,-68.66134733
45.10024317,-68.66134733
45.10024317,-68.66134733
45.10024317,-68.66134733
45.10024317,-68.66134733
45.10024317,-68.66134733
45.10024317,-68.66134733
45.10024317,-68.66134733
45.10024317,-68.66134733
45.10024317,-68.66134733
45.10024317,-68.66134733
45.10024317,-68.66134733
45.10024317,-68.66134733
45.10024317,-68.66134733
45.10024317,-68.66134733
45.10024317,-68.66134733
45.10024317,-68.66134733
45.10024317,-68.66134733
45.10024317,-68.66134733
45.10024317,-68.66134733
45.10024317,-68.66134733
45.10024317,-68.66134733
45.10024317,-68.66134733
45.1002185,-68.66135533
45.1002185,-68.66135533
45.1002185,-68.66135533
45.1002185,-68.66135533
45.1002185,-68.66135533
45.1002185,-68.66135533
45.1002185,-68.66135533
45.1002185,-68.66135533
45.1002185,-68.66135533
45.1002185,-68.66135533
45.1002185,-68.66135533
45.1002185,-68.66135533
45.1002185,-68.66135533
45.1002185,-68.66135533
45.1002185,-68.66135533
45.1002185,-68.66135533
45.1002185,-68.66135533
45.1002185,-68.66135533
45.1002185,-68.66135533
45.1002185,-68.66135533
45.1002185,-68.66135533
45.1002185,-68.66135533
45.1002185,-68.66135533
45.1002185,-68.66135533
45.1002185,-68.66135533
45.10018,-68.66136767
45.10018,-68.66136767
45.10018,-68.66136767
45.10018,-68.66136767
45.10018,-68.66136767
45.10018,-68.66136767
45.10018,-68.66136767
45.10018,-68.66136767
45.10018,-68.66136767
45.10018,-68.66136767
45.10018,-68.66136767
45.10018,-68.66136767
45.10018,-68.66136767
45.10018,-68.66136767
45.10018,-68.66136767
45.10018,-68.66136767
45.10018,-68.66136767
45.10018,-68.66136767
45.10018,-68.66136767
45.10018,-68.66136767
45.10018,-68.66136767
45.10018,-68.66136767
45.10018,-68.66136767
45.10018,-68.66136767
45.10018,-68.66136767
45.10015417,-68.66137567
45.10015417,-68.66137567
45.10015417,-68.66137567
45.10015417,-68.66137567
45.10015417,-68.66137567
45.10015417,-68.66137567
45.10015417,-68.66137567
45.10015417,-68.66137567
45.10015417,-68.66137567
45.10015417,-68.66137567
45.10015417,-68.66137567
45.10015417,-68.66137567
45.10015417,-68.66137567
45.10015417,-68.66137567
45.10015417,-68.66137567
45.10015417,-68.66137567
45.10015417,-68.66137567
45.10015417,-68.66137567
45.10015417,-68.66137567
45.10015417,-68.66137567
45.10015417,-68.66137567
45.10015417,-68.66137567
45.10015417,-68.66137567
45.10015417,-68.66137567
45.10015417,-68.66137567
45.10011533,-68.6613875
45.10011533,-68.6613875
45.10011533,-68.6613875
45.10011533,-68.6613875
45.10011533,-68.6613875
45.10011533,-68.6613875
45.10011533,-68.6613875
45.10011533,-68.6613875
45.10011533,-68.6613875
45.10011533,-68.6613875
45.10011533,-68.6613875
45.10011533,-68.6613875
45.10011533,-68.6613875
45.10011533,-68.6613875
45.10011533,-68.6613875
45.10011533,-68.6613875
45.10011533,-68.6613875
45.10011533,-68.6613875
45.10011533,-68.6613875
45.10011533,-68.6613875
45.10011533,-68.6613875
45.10011533,-68.6613875
45.10011533,-68.6613875
45.10011533,-68.6613875
45.10011533,-68.6613875
45.1000885,-68.66139567
45.1000885,-68.66139567
45.1000885,-68.66139567
45.1000885,-68.66139567
45.1000885,-68.66139567
45.1000885,-68.66139567
45.1000885,-68.66139567
45.1000885,-68.66139567
45.1000885,-68.66139567
45.1000885,-68.66139567
45.1000885,-68.66139567
45.1000885,-68.66139567
45.1000885,-68.66139567
45.1000885,-68.66139567
45.1000885,-68.66139567
45.1000885,-68.66139567
45.1000885,-68.66139567
45.1000885,-68.66139567
45.1000885,-68.66139567
45.1000885,-68.66139567
45.1000885,-68.66139567
45.1000885,-68.66139567
45.1000885,-68.66139567
45.1000885,-68.66139567
45.1000885,-68.66139567
45.10006167,-68.66140267
45.10006167,-68.66140267
45.10006167,-68.66140267
45.10006167,-68.66140267
45.10006167,-68.66140267
45.10006167,-68.66140267
45.10006167,-68.66140267
45.10006167,-68.66140267
45.10006167,-68.66140267
45.10006167,-68.66140267
45.10006167,-68.66140267
45.10006167,-68.66140267
45.10006167,-68.66140267
45.10006167,-68.66140267
45.10006167,-68.66140267
45.10006167,-68.66140267
45.10006167,-68.66140267
45.10006167,-68.66140267
45.10006167,-68.66140267
45.10006167,-68.66140267
45.10006167,-68.66140267
45.10006167,-68.66140267
45.10006167,-68.66140267
45.10006167,-68.66140267
45.10006167,-68.66140267
45.10002033,-68.6614135
45.10002033,-68.6614135
45.10002033,-68.6614135
45.10002033,-68.6614135
45.10002033,-68.6614135
45.10002033,-68.6614135
45.10002033,-68.6614135
45.10002033,-68.6614135
45.10002033,-68.6614135
45.10002033,-68.6614135
45.10002033,-68.6614135
45.10002033,-68.6614135
45.10002033,-68.6614135
45.10002033,-68.6614135
45.10002033,-68.6614135
45.10002033,-68.6614135
45.10002033,-68.6614135
45.10002033,-68.6614135
45.10002033,-68.6614135
45.10002033,-68.6614135
45.10002033,-68.6614135
45.10002033,-68.6614135
45.10002033,-68.6614135
45.10002033,-68.6614135
45.10002033,-68.6614135
45.09999333,-68.66142017
45.09999333,-68.66142017
45.09999333,-68.66142017
45.09999333,-68.66142017
45.09999333,-68.66142017
45.09999333,-68.66142017
45.09999333,-68.66142017
45.09999333,-68.66142017
45.09999333,-68.66142017
45.09999333,-68.66142017
45.09999333,-68.66142017
45.09999333,-68.66142017
45.09999333,-68.66142017
45.09999333,-68.66142017
45.09999333,-68.66142017
45.09999333,-68.66142017
45.09999333,-68.66142017
45.09999333,-68.66142017
45.09999333,-68.66142017
45.09999333,-68.66142017
45.09999333,-68.66142017
45.09999333,-68.66142017
45.09999333,-68.66142017
45.09999333,-68.66142017
45.09999333,-68.66142017
45.099965,-68.66142667
45.099965,-68.66142667
45.099965,-68.66142667
45.099965,-68.66142667
45.099965,-68.66142667
45.099965,-68.66142667
45.099965,-68.66142667
45.099965,-68.66142667
45.099965,-68.66142667
45.099965,-68.66142667
45.099965,-68.66142667
45.099965,-68.66142667
45.099965,-68.66142667
45.099965,-68.66142667
45.099965,-68.66142667
45.099965,-68.66142667
45.099965,-68.66142667
45.099965,-68.66142667
45.099965,-68.66142667
45.099965,-68.66142667
45.099965,-68.66142667
45.099965,-68.66142667
45.099965,-68.66142667
45.099965,-68.66142667
45.099965,-68.66142667
45.09992383,-68.661435
45.09992383,-68.661435
45.09992383,-68.661435
45.09992383,-68.661435
45.09992383,-68.661435
45.09992383,-68.661435
45.09992383,-68.661435
45.09992383,-68.661435
45.09992383,-68.661435
45.09992383,-68.661435
45.09992383,-68.661435
45.09992383,-68.661435
45.09992383,-68.661435
45.09992383,-68.661435
45.09992383,-68.661435
45.09992383,-68.661435
45.09992383,-68.661435
45.09992383,-68.661435
45.09992383,-68.661435
45.09992383,-68.661435
45.09992383,-68.661435
45.09992383,-68.661435
45.09992383,-68.661435
45.09992383,-68.661435
45.09992383,-68.661435
45.09989667,-68.66143983
45.09989667,-68.66143983
45.09989667,-68.66143983
45.09989667,-68.66143983
45.09989667,-68.66143983
45.09989667,-68.66143983
45.09989667,-68.66143983
45.09989667,-68.66143983
45.09989667,-68.66143983
45.09989667,-68.66143983
45.09989667,-68.66143983
45.09989667,-68.66143983
45.09989667,-68.66143983
45.09989667,-68.66143983
45.09989667,-68.66143983
45.09989667,-68.66143983
45.09989667,-68.66143983
45.09989667,-68.66143983
45.09989667,-68.66143983
45.09989667,-68.66143983
45.09989667,-68.66143983
45.09989667,-68.66143983
45.09989667,-68.66143983
45.09989667,-68.66143983
45.09989667,-68.66143983
45.09986867,-68.661445
45.09986867,-68.661445
45.09986867,-68.661445
45.09986867,-68.661445
45.09986867,-68.661445
45.09986867,-68.661445
45.09986867,-68.661445
45.09986867,-68.661445
45.09986867,-68.661445
45.09986867,-68.661445
45.09986867,-68.661445
45.09986867,-68.661445
45.09986867,-68.661445
45.09986867,-68.661445
45.09986867,-68.661445
45.09986867,-68.661445
45.09986867,-68.661445
45.09986867,-68.661445
45.09986867,-68.661445
45.09986867,-68.661445
45.09986867,-68.661445
45.09986867,-68.661445
45.09986867,-68.661445
45.09986867,-68.661445
45.09986867,-68.661445
45.09982617,-68.6614525
45.09982617,-68.6614525
45.09982617,-68.6614525
45.09982617,-68.6614525
45.09982617,-68.6614525
45.09982617,-68.6614525
45.09982617,-68.6614525
45.09982617,-68.6614525
45.09982617,-68.6614525
45.09982617,-68.6614525
45.09982617,-68.6614525
45.09982617,-68.6614525
45.09982617,-68.6614525
45.09982617,-68.6614525
45.09982617,-68.6614525
45.09982617,-68.6614525
45.09982617,-68.6614525
45.09982617,-68.6614525
45.09982617,-68.6614525
45.09982617,-68.6614525
45.09982617,-68.6614525
45.09982617,-68.6614525
45.09982617,-68.6614525
45.09982617,-68.6614525
45.09982617,-68.6614525
45.09979833,-68.66145817
45.09979833,-68.66145817
45.09979833,-68.66145817
45.09979833,-68.66145817
45.09979833,-68.66145817
45.09979833,-68.66145817
45.09979833,-68.66145817
45.09979833,-68.66145817
45.09979833,-68.66145817
45.09979833,-68.66145817
45.09979833,-68.66145817
45.09979833,-68.66145817
45.09979833,-68.66145817
45.09979833,-68.66145817
45.09979833,-68.66145817
45.09979833,-68.66145817
45.09979833,-68.66145817
45.09979833,-68.66145817
45.09979833,-68.66145817
45.09979833,-68.66145817
45.09979833,-68.66145817
45.09979833,-68.66145817
45.09979833,-68.66145817
45.09979833,-68.66145817
45.09979833,-68.66145817
45.09975583,-68.661467
45.09975583,-68.661467
45.09975583,-68.661467
45.09975583,-68.661467
45.09975583,-68.661467
45.09975583,-68.661467
45.09975583,-68.661467
45.09975583,-68.661467
45.09975583,-68.661467
45.09975583,-68.661467
45.09975583,-68.661467
45.09975583,-68.661467
45.09975583,-68.661467
45.09975583,-68.661467
45.09975583,-68.661467
45.09975583,-68.661467
45.09975583,-68.661467
45.09975583,-68.661467
45.09975583,-68.661467
45.09975583,-68.661467
45.09975583,-68.661467
45.09975583,-68.661467
45.09975583,-68.661467
45.09975583,-68.661467
45.09975583,-68.661467
45.09972733,-68.6614725
45.09972733,-68.6614725
45.09972733,-68.6614725
45.09972733,-68.6614725
45.09972733,-68.6614725
45.09972733,-68.6614725
45.09972733,-68.6614725
45.09972733,-68.6614725
45.09972733,-68.6614725
45.09972733,-68.6614725
45.09972733,-68.6614725
45.09972733,-68.6614725
45.09972733,-68.6614725
45.09972733,-68.6614725
45.09972733,-68.6614725
45.09972733,-68.6614725
45.09972733,-68.6614725
45.09972733,-68.6614725
45.09972733,-68.6614725
45.09972733,-68.6614725
45.09972733,-68.6614725
45.09972733,-68.6614725
45.09972733,-68.6614725
45.09972733,-68.6614725
45.09972733,-68.6614725
45.0996985,-68.66147783
45.0996985,-68.66147783
45.0996985,-68.66147783
45.0996985,-68.66147783
45.0996985,-68.66147783
45.0996985,-68.66147783
45.0996985,-68.66147783
45.0996985,-68.66147783
45.0996985,-68.66147783
45.0996985,-68.66147783
45.0996985,-68.66147783
45.0996985,-68.66147783
45.0996985,-68.66147783
45.0996985,-68.66147783
45.0996985,-68.66147783
45.0996985,-68.66147783
45.0996985,-68.66147783
45.0996985,-68.66147783
45.0996985,-68.66147783
45.0996985,-68.66147783
45.0996985,-68.66147783
45.0996985,-68.66147783
45.0996985,-68.66147783
45.0996985,-68.66147783
45.0996985,-68.66147783
45.0996555,-68.66148467
45.0996555,-68.66148467
45.0996555,-68.66148467
45.0996555,-68.66148467
45.0996555,-68.66148467
45.0996555,-68.66148467
45.0996555,-68.66148467
45.0996555,-68.66148467
45.0996555,-68.66148467
45.0996555,-68.66148467
45.0996555,-68.66148467
45.0996555,-68.66148467
45.0996555,-68.66148467
45.0996555,-68.66148467
45.0996555,-68.66148467
45.0996555,-68.66148467
45.0996555,-68.66148467
45.0996555,-68.66148467
45.0996555,-68.66148467
45.0996555,-68.66148467
45.0996555,-68.66148467
45.0996555,-68.66148467
45.0996555,-68.66148467
45.0996555,-68.66148467
45.0996555,-68.66148467
45.099627,-68.66148933
45.099627,-68.66148933
45.099627,-68.66148933
45.099627,-68.66148933
45.099627,-68.66148933
45.099627,-68.66148933
45.099627,-68.66148933
45.099627,-68.66148933
45.099627,-68.66148933
45.099627,-68.66148933
45.099627,-68.66148933
45.099627,-68.66148933
45.099627,-68.66148933
45.099627,-68.66148933
45.099627,-68.66148933
45.099627,-68.66148933
45.099627,-68.66148933
45.099627,-68.66148933
45.099627,-68.66148933
45.099627,-68.66148933
45.099627,-68.66148933
45.099627,-68.66148933
45.099627,-68.66148933
45.099627,-68.66148933
45.099627,-68.66148933
45.09959867,-68.6614935
45.09959867,-68.6614935
45.09959867,-68.6614935
45.09959867,-68.6614935
45.09959867,-68.6614935
45.09959867,-68.6614935
45.09959867,-68.6614935
45.09959867,-68.6614935
45.09959867,-68.6614935
45.09959867,-68.6614935
45.09959867,-68.6614935
45.09959867,-68.6614935
45.09959867,-68.6614935
45.09959867,-68.6614935
45.09959867,-68.6614935
45.09959867,-68.6614935
45.09959867,-68.6614935
45.09959867,-68.6614935
45.09959867,-68.6614935
45.09959867,-68.6614935
45.09959867,-68.6614935
45.09959867,-68.6614935
45.09959867,-68.6614935
45.09959867,-68.6614935
45.09959867,-68.6614935
45.09955667,-68.66149767
45.09955667,-68.66149767
45.09955667,-68.66149767
45.09955667,-68.66149767
45.09955667,-68.66149767
45.09955667,-68.66149767
45.09955667,-68.66149767
45.09955667,-68.66149767
45.09955667,-68.66149767
45.09955667,-68.66149767
45.09955667,-68.66149767
45.09955667,-68.66149767
45.09955667,-68.66149767
45.09955667,-68.66149767
45.09955667,-68.66149767
45.09955667,-68.66149767
45.09955667,-68.66149767
45.09955667,-68.66149767
45.09955667,-68.66149767
45.09955667,-68.66149767
45.09955667,-68.66149767
45.09955667,-68.66149767
45.09955667,-68.66149767
45.09955667,-68.66149767
45.09955667,-68.66149767
45.09952867,-68.66150017
45.09952867,-68.66150017
45.09952867,-68.66150017
45.09952867,-68.66150017
45.09952867,-68.66150017
45.09952867,-68.66150017
45.09952867,-68.66150017
45.09952867,-68.66150017
45.09952867,-68.66150017
45.09952867,-68.66150017
45.09952867,-68.66150017
45.09952867,-68.66150017
45.09952867,-68.66150017
45.09952867,-68.66150017
45.09952867,-68.66150017
45.09952867,-68.66150017
45.09952867,-68.66150017
45.09952867,-68.66150017
45.09952867,-68.66150017
45.09952867,-68.66150017
45.09952867,-68.66150017
45.09952867,-68.66150017
45.09952867,-68.66150017
45.09952867,-68.66150017
45.09952867,-68.66150017
45.09950083,-68.66150167
45.09950083,-68.66150167
45.09950083,-68.66150167
45.09950083,-68.66150167
45.09950083,-68.66150167
45.09950083,-68.66150167
45.09950083,-68.66150167
45.09950083,-68.66150167
45.09950083,-68.66150167
45.09950083,-68.66150167
45.09950083,-68.66150167
45.09950083,-68.66150167
45.09950083,-68.66150167
45.09950083,-68.66150167
45.09950083,-68.66150167
45.09950083,-68.66150167
45.09950083,-68.66150167
45.09950083,-68.66150167
45.09950083,-68.66150167
45.09950083,-68.66150167
45.09950083,-68.66150167
45.09950083,-68.66150167
45.09950083,-68.66150167
45.09950083,-68.66150167
45.09950083,-68.66150167
45.099461,-68.6615035
45.099461,-68.6615035
45.099461,-68.6615035
45.099461,-68.6615035
45.099461,-68.6615035
45.099461,-68.6615035
45.099461,-68.6615035
45.099461,-68.6615035
45.099461,-68.6615035
45.099461,-68.6615035
45.099461,-68.6615035
45.099461,-68.6615035
45.099461,-68.6615035
45.099461,-68.6615035
45.099461,-68.6615035
45.099461,-68.6615035
45.099461,-68.6615035
45.099461,-68.6615035
45.099461,-68.6615035
45.099461,-68.6615035
45.099461,-68.6615035
45.099461,-68.6615035
45.099461,-68.6615035
45.099461,-68.6615035
45.099461,-68.6615035
45.099434,-68.66150583
45.099434,-68.66150583
45.099434,-68.66150583
45.099434,-68.66150583
45.099434,-68.66150583
45.099434,-68.66150583
45.099434,-68.66150583
45.099434,-68.66150583
45.099434,-68.66150583
45.099434,-68.66150583
45.099434,-68.66150583
45.099434,-68.66150583
45.099434,-68.66150583
45.099434,-68.66150583
45.099434,-68.66150583
45.099434,-68.66150583
45.099434,-68.66150583
45.099434,-68.66150583
45.099434,-68.66150583
45.099434,-68.66150583
45.099434,-68.66150583
45.099434,-68.66150583
45.099434,-68.66150583
45.099434,-68.66150583
45.099434,-68.66150583
45.09939217,-68.66151067
45.09939217,-68.66151067
45.09939217,-68.66151067
45.09939217,-68.66151067
45.09939217,-68.66151067
45.09939217,-68.66151067
45.09939217,-68.66151067
45.09939217,-68.66151067
45.09939217,-68.66151067
45.09939217,-68.66151067
45.09939217,-68.66151067
45.09939217,-68.66151067
45.09939217,-68.66151067
45.09939217,-68.66151067
45.09939217,-68.66151067
45.09939217,-68.66151067
45.09939217,-68.66151067
45.09939217,-68.66151067
45.09939217,-68.66151067
45.09939217,-68.66151067
45.09939217,-68.66151067
45.09939217,-68.66151067
45.09939217,-68.66151067
45.09939217,-68.66151067
45.09939217,-68.66151067
45.09936483,-68.66151183
45.09936483,-68.66151183
45.09936483,-68.66151183
45.09936483,-68.66151183
45.09936483,-68.66151183
45.09936483,-68.66151183
45.09936483,-68.66151183
45.09936483,-68.66151183
45.09936483,-68.66151183
45.09936483,-68.66151183
45.09936483,-68.66151183
45.09936483,-68.66151183
45.09936483,-68.66151183
45.09936483,-68.66151183
45.09936483,-68.66151183
45.09936483,-68.66151183
45.09936483,-68.66151183
45.09936483,-68.66151183
45.09936483,-68.66151183
45.09936483,-68.66151183
45.09936483,-68.66151183
45.09936483,-68.66151183
45.09936483,-68.66151183
45.09936483,-68.66151183
45.09936483,-68.66151183
45.09933833,-68.6615125
45.09933833,-68.6615125
45.09933833,-68.6615125
45.09933833,-68.6615125
45.09933833,-68.6615125
45.09933833,-68.6615125
45.09933833,-68.6615125
45.09933833,-68.6615125
45.09933833,-68.6615125
45.09933833,-68.6615125
45.09933833,-68.6615125
45.09933833,-68.6615125
45.09933833,-68.6615125
45.09933833,-68.6615125
45.09933833,-68.6615125
45.09933833,-68.6615125
45.09933833,-68.6615125
45.09933833,-68.6615125
45.09933833,-68.6615125
45.09933833,-68.6615125
45.09933833,-68.6615125
45.09933833,-68.6615125
45.09933833,-68.6615125
45.09933833,-68.6615125
45.09933833,-68.6615125
45.099299,-68.661512
45.099299,-68.661512
45.099299,-68.661512
45.099299,-68.661512
45.099299,-68.661512
45.099299,-68.661512
45.099299,-68.661512
45.099299,-68.661512
45.099299,-68.661512
45.099299,-68.661512
45.099299,-68.661512
45.099299,-68.661512
45.099299,-68.661512
45.099299,-68.661512
45.099299,-68.661512
45.099299,-68.661512
45.099299,-68.661512
45.099299,-68.661512
45.099299,-68.661512
45.099299,-68.661512
45.099299,-68.661512
45.099299,-68.661512
45.099299,-68.661512
45.099299,-68.661512
45.099299,-68.661512
45.0992725,-68.66151133
45.0992725,-68.66151133
45.0992725,-68.66151133
45.0992725,-68.66151133
45.0992725,-68.66151133
45.0992725,-68.66151133
45.0992725,-68.66151133
45.0992725,-68.66151133
45.0992725,-68.66151133
45.0992725,-68.66151133
45.0992725,-68.66151133
45.0992725,-68.66151133
45.0992725,-68.66151133
45.0992725,-68.66151133
45.0992725,-68.66151133
45.0992725,-68.66151133
45.0992725,-68.66151133
45.0992725,-68.66151133
45.0992725,-68.66151133
45.0992725,-68.66151133
45.0992725,-68.66151133
45.0992725,-68.66151133
45.0992725,-68.66151133
45.0992725,-68.66151133
45.0992725,-68.66151133
45.09924667,-68.66151017
45.09924667,-68.66151017
45.09924667,-68.66151017
45.09924667,-68.66151017
45.09924667,-68.66151017
45.09924667,-68.66151017
45.09924667,-68.66151017
45.09924667,-68.66151017
45.09924667,-68.66151017
45.09924667,-68.66151017
45.09924667,-68.66151017
45.09924667,-68.66151017
45.09924667,-68.66151017
45.09924667,-68.66151017
45.09924667,-68.66151017
45.09924667,-68.66151017
45.09924667,-68.66151017
45.09924667,-68.66151017
45.09924667,-68.66151017
45.09924667,-68.66151017
45.09924667,-68.66151017
45.09924667,-68.66151017
45.09924667,-68.66151017
45.09924667,-68.66151017
45.09924667,-68.66151017
45.09920683,-68.66150717
45.09920683,-68.66150717
45.09920683,-68.66150717
45.09920683,-68.66150717
45.09920683,-68.66150717
45.09920683,-68.66150717
45.09920683,-68.66150717
45.09920683,-68.66150717
45.09920683,-68.66150717
45.09920683,-68.66150717
45.09920683,-68.66150717
45.09920683,-68.66150717
45.09920683,-68.66150717
45.09920683,-68.66150717
45.09920683,-68.66150717
45.09920683,-68.66150717
45.09920683,-68.66150717
45.09920683,-68.66150717
45.09920683,-68.66150717
45.09920683,-68.66150717
45.09920683,-68.66150717
45.09920683,-68.66150717
45.09920683,-68.66150717
45.09920683,-68.66150717
45.09920683,-68.66150717
45.09917967,-68.66150533
45.09917967,-68.66150533
45.09917967,-68.66150533
45.09917967,-68.66150533
45.09917967,-68.66150533
45.09917967,-68.66150533
45.09917967,-68.66150533
45.09917967,-68.66150533
45.09917967,-68.66150533
45.09917967,-68.66150533
45.09917967,-68.66150533
45.09917967,-68.66150533
45.09917967,-68.66150533
45.09917967,-68.66150533
45.09917967,-68.66150533
45.09917967,-68.66150533
45.09917967,-68.66150533
45.09917967,-68.66150533
45.09917967,-68.66150533
45.09917967,-68.66150533
45.09917967,-68.66150533
45.09917967,-68.66150533
45.09917967,-68.66150533
45.09917967,-68.66150533
45.09917967,-68.66150533
45.09915283,-68.6615025
45.09915283,-68.6615025
45.09915283,-68.6615025
45.09915283,-68.6615025
45.09915283,-68.6615025
45.09915283,-68.6615025
45.09915283,-68.6615025
45.09915283,-68.6615025
45.09915283,-68.6615025
45.09915283,-68.6615025
45.09915283,-68.6615025
45.09915283,-68.6615025
45.09915283,-68.6615025
45.09915283,-68.6615025
45.09915283,-68.6615025
45.09915283,-68.6615025
45.09915283,-68.6615025
45.09915283,-68.6615025
45.09915283,-68.6615025
45.09915283,-68.6615025
45.09915283,-68.6615025
45.09915283,-68.6615025
45.09915283,-68.6615025
45.09915283,-68.6615025
45.09915283,-68.6615025
45.09911133,-68.661495
45.09911133,-68.661495
45.09911133,-68.661495
45.09911133,-68.661495
45.09911133,-68.661495
45.09911133,-68.661495
45.09911133,-68.661495
45.09911133,-68.661495
45.09911133,-68.661495
45.09911133,-68.661495
45.09911133,-68.661495
45.09911133,-68.661495
45.09911133,-68.661495
45.09911133,-68.661495
45.09911133,-68.661495
45.09911133,-68.661495
45.09911133,-68.661495
45.09911133,-68.661495
45.09911133,-68.661495
45.09911133,-68.661495
45.09911133,-68.661495
45.09911133,-68.661495
45.09911133,-68.661495
45.09911133,-68.661495
45.09911133,-68.661495
45.09908383,-68.66148917
45.09908383,-68.66148917
45.09908383,-68.66148917
45.09908383,-68.66148917
45.09908383,-68.66148917
45.09908383,-68.66148917
45.09908383,-68.66148917
45.09908383,-68.66148917
45.09908383,-68.66148917
45.09908383,-68.66148917
45.09908383,-68.66148917
45.09908383,-68.66148917
45.09908383,-68.66148917
45.09908383,-68.66148917
45.09908383,-68.66148917
45.09908383,-68.66148917
45.09908383,-68.66148917
45.09908383,-68.66148917
45.09908383,-68.66148917
45.09908383,-68.66148917
45.09908383,-68.66148917
45.09908383,-68.66148917
45.09908383,-68.66148917
45.09908383,-68.66148917
45.09908383,-68.66148917
