Var1,Var2
45.10286617,-68.66002333
45.10286617,-68.66002333
45.10286617,-68.66002333
45.10286617,-68.66002333
45.10286617,-68.66002333
45.10286617,-68.66002333
45.10286617,-68.66002333
45.10286617,-68.66002333
45.10286617,-68.66002333
45.10286617,-68.66002333
45.10286617,-68.66002333
45.10286617,-68.66002333
45.10286617,-68.66002333
45.10286617,-68.66002333
45.10286617,-68.66002333
45.10286617,-68.66002333
45.10286617,-68.66002333
45.10286617,-68.66002333
45.10286617,-68.66002333
45.10286617,-68.66002333
45.10286617,-68.66002333
45.10286617,-68.66002333
45.10286617,-68.66002333
45.10286617,-68.66002333
45.10286617,-68.66002333
45.10284867,-68.6600345
45.10284867,-68.6600345
45.10284867,-68.6600345
45.10284867,-68.6600345
45.10284867,-68.6600345
45.10284867,-68.6600345
45.10284867,-68.6600345
45.10284867,-68.6600345
45.10284867,-68.6600345
45.10284867,-68.6600345
45.10284867,-68.6600345
45.10284867,-68.6600345
45.10284867,-68.6600345
45.10284867,-68.6600345
45.10284867,-68.6600345
45.10284867,-68.6600345
45.10284867,-68.6600345
45.10284867,-68.6600345
45.10284867,-68.6600345
45.10284867,-68.6600345
45.10284867,-68.6600345
45.10284867,-68.6600345
45.10284867,-68.6600345
45.10284867,-68.6600345
45.10284867,-68.6600345
45.1028225,-68.660051
45.1028225,-68.660051
45.1028225,-68.660051
45.1028225,-68.660051
45.1028225,-68.660051
45.1028225,-68.660051
45.1028225,-68.660051
45.1028225,-68.660051
45.1028225,-68.660051
45.1028225,-68.660051
45.1028225,-68.660051
45.1028225,-68.660051
45.1028225,-68.660051
45.1028225,-68.660051
45.1028225,-68.660051
45.1028225,-68.660051
45.1028225,-68.660051
45.1028225,-68.660051
45.1028225,-68.660051
45.1028225,-68.660051
45.1028225,-68.660051
45.1028225,-68.660051
45.1028225,-68.660051
45.1028225,-68.660051
45.1028225,-68.660051
45.10280583,-68.66006733
45.10280583,-68.66006733
45.10280583,-68.66006733
45.10280583,-68.66006733
45.10280583,-68.66006733
45.10280583,-68.66006733
45.10280583,-68.66006733
45.10280583,-68.66006733
45.10280583,-68.66006733
45.10280583,-68.66006733
45.10280583,-68.66006733
45.10280583,-68.66006733
45.10280583,-68.66006733
45.10280583,-68.66006733
45.10280583,-68.66006733
45.10280583,-68.66006733
45.10280583,-68.66006733
45.10280583,-68.66006733
45.10280583,-68.66006733
45.10280583,-68.66006733
45.10280583,-68.66006733
45.10280583,-68.66006733
45.10280583,-68.66006733
45.10280583,-68.66006733
45.10280583,-68.66006733
45.10278767,-68.66008367
45.10278767,-68.66008367
45.10278767,-68.66008367
45.10278767,-68.66008367
45.10278767,-68.66008367
45.10278767,-68.66008367
45.10278767,-68.66008367
45.10278767,-68.66008367
45.10278767,-68.66008367
45.10278767,-68.66008367
45.10278767,-68.66008367
45.10278767,-68.66008367
45.10278767,-68.66008367
45.10278767,-68.66008367
45.10278767,-68.66008367
45.10278767,-68.66008367
45.10278767,-68.66008367
45.10278767,-68.66008367
45.10278767,-68.66008367
45.10278767,-68.66008367
45.10278767,-68.66008367
45.10278767,-68.66008367
45.10278767,-68.66008367
45.10278767,-68.66008367
45.10278767,-68.66008367
45.10276317,-68.66010833
45.10276317,-68.66010833
45.10276317,-68.66010833
45.10276317,-68.66010833
45.10276317,-68.66010833
45.10276317,-68.66010833
45.10276317,-68.66010833
45.10276317,-68.66010833
45.10276317,-68.66010833
45.10276317,-68.66010833
45.10276317,-68.66010833
45.10276317,-68.66010833
45.10276317,-68.66010833
45.10276317,-68.66010833
45.10276317,-68.66010833
45.10276317,-68.66010833
45.10276317,-68.66010833
45.10276317,-68.66010833
45.10276317,-68.66010833
45.10276317,-68.66010833
45.10276317,-68.66010833
45.10276317,-68.66010833
45.10276317,-68.66010833
45.10276317,-68.66010833
45.10276317,-68.66010833
45.10274517,-68.66012783
45.10274517,-68.66012783
45.10274517,-68.66012783
45.10274517,-68.66012783
45.10274517,-68.66012783
45.10274517,-68.66012783
45.10274517,-68.66012783
45.10274517,-68.66012783
45.10274517,-68.66012783
45.10274517,-68.66012783
45.10274517,-68.66012783
45.10274517,-68.66012783
45.10274517,-68.66012783
45.10274517,-68.66012783
45.10274517,-68.66012783
45.10274517,-68.66012783
45.10274517,-68.66012783
45.10274517,-68.66012783
45.10274517,-68.66012783
45.10274517,-68.66012783
45.10274517,-68.66012783
45.10274517,-68.66012783
45.10274517,-68.66012783
45.10274517,-68.66012783
45.10274517,-68.66012783
45.10272567,-68.66014767
45.10272567,-68.66014767
45.10272567,-68.66014767
45.10272567,-68.66014767
45.10272567,-68.66014767
45.10272567,-68.66014767
45.10272567,-68.66014767
45.10272567,-68.66014767
45.10272567,-68.66014767
45.10272567,-68.66014767
45.10272567,-68.66014767
45.10272567,-68.66014767
45.10272567,-68.66014767
45.10272567,-68.66014767
45.10272567,-68.66014767
45.10272567,-68.66014767
45.10272567,-68.66014767
45.10272567,-68.66014767
45.10272567,-68.66014767
45.10272567,-68.66014767
45.10272567,-68.66014767
45.10272567,-68.66014767
45.10272567,-68.66014767
45.10272567,-68.66014767
45.10272567,-68.66014767
45.10269533,-68.66018033
45.10269533,-68.66018033
45.10269533,-68.66018033
45.10269533,-68.66018033
45.10269533,-68.66018033
45.10269533,-68.66018033
45.10269533,-68.66018033
45.10269533,-68.66018033
45.10269533,-68.66018033
45.10269533,-68.66018033
45.10269533,-68.66018033
45.10269533,-68.66018033
45.10269533,-68.66018033
45.10269533,-68.66018033
45.10269533,-68.66018033
45.10269533,-68.66018033
45.10269533,-68.66018033
45.10269533,-68.66018033
45.10269533,-68.66018033
45.10269533,-68.66018033
45.10269533,-68.66018033
45.10269533,-68.66018033
45.10269533,-68.66018033
45.10269533,-68.66018033
45.10269533,-68.66018033
45.102678,-68.6602035
45.102678,-68.6602035
45.102678,-68.6602035
45.102678,-68.6602035
45.102678,-68.6602035
45.102678,-68.6602035
45.102678,-68.6602035
45.102678,-68.6602035
45.102678,-68.6602035
45.102678,-68.6602035
45.102678,-68.6602035
45.102678,-68.6602035
45.102678,-68.6602035
45.102678,-68.6602035
45.102678,-68.6602035
45.102678,-68.6602035
45.102678,-68.6602035
45.102678,-68.6602035
45.102678,-68.6602035
45.102678,-68.6602035
45.102678,-68.6602035
45.102678,-68.6602035
45.102678,-68.6602035
45.102678,-68.6602035
45.102678,-68.6602035
45.102653,-68.66023767
45.102653,-68.66023767
45.102653,-68.66023767
45.102653,-68.66023767
45.102653,-68.66023767
45.102653,-68.66023767
45.102653,-68.66023767
45.102653,-68.66023767
45.102653,-68.66023767
45.102653,-68.66023767
45.102653,-68.66023767
45.102653,-68.66023767
45.102653,-68.66023767
45.102653,-68.66023767
45.102653,-68.66023767
45.102653,-68.66023767
45.102653,-68.66023767
45.102653,-68.66023767
45.102653,-68.66023767
45.102653,-68.66023767
45.102653,-68.66023767
45.102653,-68.66023767
45.102653,-68.66023767
45.102653,-68.66023767
45.102653,-68.66023767
45.102636,-68.66026083
45.102636,-68.66026083
45.102636,-68.66026083
45.102636,-68.66026083
45.102636,-68.66026083
45.102636,-68.66026083
45.102636,-68.66026083
45.102636,-68.66026083
45.102636,-68.66026083
45.102636,-68.66026083
45.102636,-68.66026083
45.102636,-68.66026083
45.102636,-68.66026083
45.102636,-68.66026083
45.102636,-68.66026083
45.102636,-68.66026083
45.102636,-68.66026083
45.102636,-68.66026083
45.102636,-68.66026083
45.102636,-68.66026083
45.102636,-68.66026083
45.102636,-68.66026083
45.102636,-68.66026083
45.102636,-68.66026083
45.102636,-68.66026083
45.10261933,-68.66028467
45.10261933,-68.66028467
45.10261933,-68.66028467
45.10261933,-68.66028467
45.10261933,-68.66028467
45.10261933,-68.66028467
45.10261933,-68.66028467
45.10261933,-68.66028467
45.10261933,-68.66028467
45.10261933,-68.66028467
45.10261933,-68.66028467
45.10261933,-68.66028467
45.10261933,-68.66028467
45.10261933,-68.66028467
45.10261933,-68.66028467
45.10261933,-68.66028467
45.10261933,-68.66028467
45.10261933,-68.66028467
45.10261933,-68.66028467
45.10261933,-68.66028467
45.10261933,-68.66028467
45.10261933,-68.66028467
45.10261933,-68.66028467
45.10261933,-68.66028467
45.10261933,-68.66028467
45.10259567,-68.66031967
45.10259567,-68.66031967
45.10259567,-68.66031967
45.10259567,-68.66031967
45.10259567,-68.66031967
45.10259567,-68.66031967
45.10259567,-68.66031967
45.10259567,-68.66031967
45.10259567,-68.66031967
45.10259567,-68.66031967
45.10259567,-68.66031967
45.10259567,-68.66031967
45.10259567,-68.66031967
45.10259567,-68.66031967
45.10259567,-68.66031967
45.10259567,-68.66031967
45.10259567,-68.66031967
45.10259567,-68.66031967
45.10259567,-68.66031967
45.10259567,-68.66031967
45.10259567,-68.66031967
45.10259567,-68.66031967
45.10259567,-68.66031967
45.10259567,-68.66031967
45.10259567,-68.66031967
45.1025795,-68.660343
45.1025795,-68.660343
45.1025795,-68.660343
45.1025795,-68.660343
45.1025795,-68.660343
45.1025795,-68.660343
45.1025795,-68.660343
45.1025795,-68.660343
45.1025795,-68.660343
45.1025795,-68.660343
45.1025795,-68.660343
45.1025795,-68.660343
45.1025795,-68.660343
45.1025795,-68.660343
45.1025795,-68.660343
45.1025795,-68.660343
45.1025795,-68.660343
45.1025795,-68.660343
45.1025795,-68.660343
45.1025795,-68.660343
45.1025795,-68.660343
45.1025795,-68.660343
45.1025795,-68.660343
45.1025795,-68.660343
45.1025795,-68.660343
45.10256217,-68.660365
45.10256217,-68.660365
45.10256217,-68.660365
45.10256217,-68.660365
45.10256217,-68.660365
45.10256217,-68.660365
45.10256217,-68.660365
45.10256217,-68.660365
45.10256217,-68.660365
45.10256217,-68.660365
45.10256217,-68.660365
45.10256217,-68.660365
45.10256217,-68.660365
45.10256217,-68.660365
45.10256217,-68.660365
45.10256217,-68.660365
45.10256217,-68.660365
45.10256217,-68.660365
45.10256217,-68.660365
45.10256217,-68.660365
45.10256217,-68.660365
45.10256217,-68.660365
45.10256217,-68.660365
45.10256217,-68.660365
45.10256217,-68.660365
45.1025375,-68.66039917
45.1025375,-68.66039917
45.1025375,-68.66039917
45.1025375,-68.66039917
45.1025375,-68.66039917
45.1025375,-68.66039917
45.1025375,-68.66039917
45.1025375,-68.66039917
45.1025375,-68.66039917
45.1025375,-68.66039917
45.1025375,-68.66039917
45.1025375,-68.66039917
45.1025375,-68.66039917
45.1025375,-68.66039917
45.1025375,-68.66039917
45.1025375,-68.66039917
45.1025375,-68.66039917
45.1025375,-68.66039917
45.1025375,-68.66039917
45.1025375,-68.66039917
45.1025375,-68.66039917
45.1025375,-68.66039917
45.1025375,-68.66039917
45.1025375,-68.66039917
45.1025375,-68.66039917
45.10252017,-68.66042183
45.10252017,-68.66042183
45.10252017,-68.66042183
45.10252017,-68.66042183
45.10252017,-68.66042183
45.10252017,-68.66042183
45.10252017,-68.66042183
45.10252017,-68.66042183
45.10252017,-68.66042183
45.10252017,-68.66042183
45.10252017,-68.66042183
45.10252017,-68.66042183
45.10252017,-68.66042183
45.10252017,-68.66042183
45.10252017,-68.66042183
45.10252017,-68.66042183
45.10252017,-68.66042183
45.10252017,-68.66042183
45.10252017,-68.66042183
45.10252017,-68.66042183
45.10252017,-68.66042183
45.10252017,-68.66042183
45.10252017,-68.66042183
45.10252017,-68.66042183
45.10252017,-68.66042183
45.1025025,-68.66044333
45.1025025,-68.66044333
45.1025025,-68.66044333
45.1025025,-68.66044333
45.1025025,-68.66044333
45.1025025,-68.66044333
45.1025025,-68.66044333
45.1025025,-68.66044333
45.1025025,-68.66044333
45.1025025,-68.66044333
45.1025025,-68.66044333
45.1025025,-68.66044333
45.1025025,-68.66044333
45.1025025,-68.66044333
45.1025025,-68.66044333
45.1025025,-68.66044333
45.1025025,-68.66044333
45.1025025,-68.66044333
45.1025025,-68.66044333
45.1025025,-68.66044333
45.1025025,-68.66044333
45.1025025,-68.66044333
45.1025025,-68.66044333
45.1025025,-68.66044333
45.1025025,-68.66044333
45.1024775,-68.66047567
45.1024775,-68.66047567
45.1024775,-68.66047567
45.1024775,-68.66047567
45.1024775,-68.66047567
45.1024775,-68.66047567
45.1024775,-68.66047567
45.1024775,-68.66047567
45.1024775,-68.66047567
45.1024775,-68.66047567
45.1024775,-68.66047567
45.1024775,-68.66047567
45.1024775,-68.66047567
45.1024775,-68.66047567
45.1024775,-68.66047567
45.1024775,-68.66047567
45.1024775,-68.66047567
45.1024775,-68.66047567
45.1024775,-68.66047567
45.1024775,-68.66047567
45.1024775,-68.66047567
45.1024775,-68.66047567
45.1024775,-68.66047567
45.1024775,-68.66047567
45.1024775,-68.66047567
45.10245967,-68.660499
45.10245967,-68.660499
45.10245967,-68.660499
45.10245967,-68.660499
45.10245967,-68.660499
45.10245967,-68.660499
45.10245967,-68.660499
45.10245967,-68.660499
45.10245967,-68.660499
45.10245967,-68.660499
45.10245967,-68.660499
45.10245967,-68.660499
45.10245967,-68.660499
45.10245967,-68.660499
45.10245967,-68.660499
45.10245967,-68.660499
45.10245967,-68.660499
45.10245967,-68.660499
45.10245967,-68.660499
45.10245967,-68.660499
45.10245967,-68.660499
45.10245967,-68.660499
45.10245967,-68.660499
45.10245967,-68.660499
45.10245967,-68.660499
45.10244117,-68.660525
45.10244117,-68.660525
45.10244117,-68.660525
45.10244117,-68.660525
45.10244117,-68.660525
45.10244117,-68.660525
45.10244117,-68.660525
45.10244117,-68.660525
45.10244117,-68.660525
45.10244117,-68.660525
45.10244117,-68.660525
45.10244117,-68.660525
45.10244117,-68.660525
45.10244117,-68.660525
45.10244117,-68.660525
45.10244117,-68.660525
45.10244117,-68.660525
45.10244117,-68.660525
45.10244117,-68.660525
45.10244117,-68.660525
45.10244117,-68.660525
45.10244117,-68.660525
45.10244117,-68.660525
45.10244117,-68.660525
45.10244117,-68.660525
45.1024135,-68.66055767
45.1024135,-68.66055767
45.1024135,-68.66055767
45.1024135,-68.66055767
45.1024135,-68.66055767
45.1024135,-68.66055767
45.1024135,-68.66055767
45.1024135,-68.66055767
45.1024135,-68.66055767
45.1024135,-68.66055767
45.1024135,-68.66055767
45.1024135,-68.66055767
45.1024135,-68.66055767
45.1024135,-68.66055767
45.1024135,-68.66055767
45.1024135,-68.66055767
45.1024135,-68.66055767
45.1024135,-68.66055767
45.1024135,-68.66055767
45.1024135,-68.66055767
45.1024135,-68.66055767
45.1024135,-68.66055767
45.1024135,-68.66055767
45.1024135,-68.66055767
45.1024135,-68.66055767
45.10239533,-68.66057983
45.10239533,-68.66057983
45.10239533,-68.66057983
45.10239533,-68.66057983
45.10239533,-68.66057983
45.10239533,-68.66057983
45.10239533,-68.66057983
45.10239533,-68.66057983
45.10239533,-68.66057983
45.10239533,-68.66057983
45.10239533,-68.66057983
45.10239533,-68.66057983
45.10239533,-68.66057983
45.10239533,-68.66057983
45.10239533,-68.66057983
45.10239533,-68.66057983
45.10239533,-68.66057983
45.10239533,-68.66057983
45.10239533,-68.66057983
45.10239533,-68.66057983
45.10239533,-68.66057983
45.10239533,-68.66057983
45.10239533,-68.66057983
45.10239533,-68.66057983
45.10239533,-68.66057983
45.10236817,-68.66061417
45.10236817,-68.66061417
45.10236817,-68.66061417
45.10236817,-68.66061417
45.10236817,-68.66061417
45.10236817,-68.66061417
45.10236817,-68.66061417
45.10236817,-68.66061417
45.10236817,-68.66061417
45.10236817,-68.66061417
45.10236817,-68.66061417
45.10236817,-68.66061417
45.10236817,-68.66061417
45.10236817,-68.66061417
45.10236817,-68.66061417
45.10236817,-68.66061417
45.10236817,-68.66061417
45.10236817,-68.66061417
45.10236817,-68.66061417
45.10236817,-68.66061417
45.10236817,-68.66061417
45.10236817,-68.66061417
45.10236817,-68.66061417
45.10236817,-68.66061417
45.10236817,-68.66061417
45.10234833,-68.6606365
45.10234833,-68.6606365
45.10234833,-68.6606365
45.10234833,-68.6606365
45.10234833,-68.6606365
45.10234833,-68.6606365
45.10234833,-68.6606365
45.10234833,-68.6606365
45.10234833,-68.6606365
45.10234833,-68.6606365
45.10234833,-68.6606365
45.10234833,-68.6606365
45.10234833,-68.6606365
45.10234833,-68.6606365
45.10234833,-68.6606365
45.10234833,-68.6606365
45.10234833,-68.6606365
45.10234833,-68.6606365
45.10234833,-68.6606365
45.10234833,-68.6606365
45.10234833,-68.6606365
45.10234833,-68.6606365
45.10234833,-68.6606365
45.10234833,-68.6606365
45.10234833,-68.6606365
45.1023295,-68.66065833
45.1023295,-68.66065833
45.1023295,-68.66065833
45.1023295,-68.66065833
45.1023295,-68.66065833
45.1023295,-68.66065833
45.1023295,-68.66065833
45.1023295,-68.66065833
45.1023295,-68.66065833
45.1023295,-68.66065833
45.1023295,-68.66065833
45.1023295,-68.66065833
45.1023295,-68.66065833
45.1023295,-68.66065833
45.1023295,-68.66065833
45.1023295,-68.66065833
45.1023295,-68.66065833
45.1023295,-68.66065833
45.1023295,-68.66065833
45.1023295,-68.66065833
45.1023295,-68.66065833
45.1023295,-68.66065833
45.1023295,-68.66065833
45.1023295,-68.66065833
45.1023295,-68.66065833
45.10230183,-68.66069067
45.10230183,-68.66069067
45.10230183,-68.66069067
45.10230183,-68.66069067
45.10230183,-68.66069067
45.10230183,-68.66069067
45.10230183,-68.66069067
45.10230183,-68.66069067
45.10230183,-68.66069067
45.10230183,-68.66069067
45.10230183,-68.66069067
45.10230183,-68.66069067
45.10230183,-68.66069067
45.10230183,-68.66069067
45.10230183,-68.66069067
45.10230183,-68.66069067
45.10230183,-68.66069067
45.10230183,-68.66069067
45.10230183,-68.66069067
45.10230183,-68.66069067
45.10230183,-68.66069067
45.10230183,-68.66069067
45.10230183,-68.66069067
45.10230183,-68.66069067
45.10230183,-68.66069067
45.10228267,-68.66071317
45.10228267,-68.66071317
45.10228267,-68.66071317
45.10228267,-68.66071317
45.10228267,-68.66071317
45.10228267,-68.66071317
45.10228267,-68.66071317
45.10228267,-68.66071317
45.10228267,-68.66071317
45.10228267,-68.66071317
45.10228267,-68.66071317
45.10228267,-68.66071317
45.10228267,-68.66071317
45.10228267,-68.66071317
45.10228267,-68.66071317
45.10228267,-68.66071317
45.10228267,-68.66071317
45.10228267,-68.66071317
45.10228267,-68.66071317
45.10228267,-68.66071317
45.10228267,-68.66071317
45.10228267,-68.66071317
45.10228267,-68.66071317
45.10228267,-68.66071317
45.10228267,-68.66071317
45.10226283,-68.660736
45.10226283,-68.660736
45.10226283,-68.660736
45.10226283,-68.660736
45.10226283,-68.660736
45.10226283,-68.660736
45.10226283,-68.660736
45.10226283,-68.660736
45.10226283,-68.660736
45.10226283,-68.660736
45.10226283,-68.660736
45.10226283,-68.660736
45.10226283,-68.660736
45.10226283,-68.660736
45.10226283,-68.660736
45.10226283,-68.660736
45.10226283,-68.660736
45.10226283,-68.660736
45.10226283,-68.660736
45.10226283,-68.660736
45.10226283,-68.660736
45.10226283,-68.660736
45.10226283,-68.660736
45.10226283,-68.660736
45.10226283,-68.660736
45.102231,-68.66076817
45.102231,-68.66076817
45.102231,-68.66076817
45.102231,-68.66076817
45.102231,-68.66076817
45.102231,-68.66076817
45.102231,-68.66076817
45.102231,-68.66076817
45.102231,-68.66076817
45.102231,-68.66076817
45.102231,-68.66076817
45.102231,-68.66076817
45.102231,-68.66076817
45.102231,-68.66076817
45.102231,-68.66076817
45.102231,-68.66076817
45.102231,-68.66076817
45.102231,-68.66076817
45.102231,-68.66076817
45.102231,-68.66076817
45.102231,-68.66076817
45.102231,-68.66076817
45.102231,-68.66076817
45.102231,-68.66076817
45.102231,-68.66076817
45.10221117,-68.66078933
45.10221117,-68.66078933
45.10221117,-68.66078933
45.10221117,-68.66078933
45.10221117,-68.66078933
45.10221117,-68.66078933
45.10221117,-68.66078933
45.10221117,-68.66078933
45.10221117,-68.66078933
45.10221117,-68.66078933
45.10221117,-68.66078933
45.10221117,-68.66078933
45.10221117,-68.66078933
45.10221117,-68.66078933
45.10221117,-68.66078933
45.10221117,-68.66078933
45.10221117,-68.66078933
45.10221117,-68.66078933
45.10221117,-68.66078933
45.10221117,-68.66078933
45.10221117,-68.66078933
45.10221117,-68.66078933
45.10221117,-68.66078933
45.10221117,-68.66078933
45.10221117,-68.66078933
45.1021925,-68.6608095
45.1021925,-68.6608095
45.1021925,-68.6608095
45.1021925,-68.6608095
45.1021925,-68.6608095
45.1021925,-68.6608095
45.1021925,-68.6608095
45.1021925,-68.6608095
45.1021925,-68.6608095
45.1021925,-68.6608095
45.1021925,-68.6608095
45.1021925,-68.6608095
45.1021925,-68.6608095
45.1021925,-68.6608095
45.1021925,-68.6608095
45.1021925,-68.6608095
45.1021925,-68.6608095
45.1021925,-68.6608095
45.1021925,-68.6608095
45.1021925,-68.6608095
45.1021925,-68.6608095
45.1021925,-68.6608095
45.1021925,-68.6608095
45.1021925,-68.6608095
45.1021925,-68.6608095
45.10216617,-68.6608405
45.10216617,-68.6608405
45.10216617,-68.6608405
45.10216617,-68.6608405
45.10216617,-68.6608405
45.10216617,-68.6608405
45.10216617,-68.6608405
45.10216617,-68.6608405
45.10216617,-68.6608405
45.10216617,-68.6608405
45.10216617,-68.6608405
45.10216617,-68.6608405
45.10216617,-68.6608405
45.10216617,-68.6608405
45.10216617,-68.6608405
45.10216617,-68.6608405
45.10216617,-68.6608405
45.10216617,-68.6608405
45.10216617,-68.6608405
45.10216617,-68.6608405
45.10216617,-68.6608405
45.10216617,-68.6608405
45.10216617,-68.6608405
45.10216617,-68.6608405
45.10216617,-68.6608405
45.10214883,-68.66086117
45.10214883,-68.66086117
45.10214883,-68.66086117
45.10214883,-68.66086117
45.10214883,-68.66086117
45.10214883,-68.66086117
45.10214883,-68.66086117
45.10214883,-68.66086117
45.10214883,-68.66086117
45.10214883,-68.66086117
45.10214883,-68.66086117
45.10214883,-68.66086117
45.10214883,-68.66086117
45.10214883,-68.66086117
45.10214883,-68.66086117
45.10214883,-68.66086117
45.10214883,-68.66086117
45.10214883,-68.66086117
45.10214883,-68.66086117
45.10214883,-68.66086117
45.10214883,-68.66086117
45.10214883,-68.66086117
45.10214883,-68.66086117
45.10214883,-68.66086117
45.10214883,-68.66086117
45.10213133,-68.66088217
45.10213133,-68.66088217
45.10213133,-68.66088217
45.10213133,-68.66088217
45.10213133,-68.66088217
45.10213133,-68.66088217
45.10213133,-68.66088217
45.10213133,-68.66088217
45.10213133,-68.66088217
45.10213133,-68.66088217
45.10213133,-68.66088217
45.10213133,-68.66088217
45.10213133,-68.66088217
45.10213133,-68.66088217
45.10213133,-68.66088217
45.10213133,-68.66088217
45.10213133,-68.66088217
45.10213133,-68.66088217
45.10213133,-68.66088217
45.10213133,-68.66088217
45.10213133,-68.66088217
45.10213133,-68.66088217
45.10213133,-68.66088217
45.10213133,-68.66088217
45.10213133,-68.66088217
45.102107,-68.66091367
45.102107,-68.66091367
45.102107,-68.66091367
45.102107,-68.66091367
45.102107,-68.66091367
45.102107,-68.66091367
45.102107,-68.66091367
45.102107,-68.66091367
45.102107,-68.66091367
45.102107,-68.66091367
45.102107,-68.66091367
45.102107,-68.66091367
45.102107,-68.66091367
45.102107,-68.66091367
45.102107,-68.66091367
45.102107,-68.66091367
45.102107,-68.66091367
45.102107,-68.66091367
45.102107,-68.66091367
45.102107,-68.66091367
45.102107,-68.66091367
45.102107,-68.66091367
45.102107,-68.66091367
45.102107,-68.66091367
45.102107,-68.66091367
45.10209233,-68.6609355
45.10209233,-68.6609355
45.10209233,-68.6609355
45.10209233,-68.6609355
45.10209233,-68.6609355
45.10209233,-68.6609355
45.10209233,-68.6609355
45.10209233,-68.6609355
45.10209233,-68.6609355
45.10209233,-68.6609355
45.10209233,-68.6609355
45.10209233,-68.6609355
45.10209233,-68.6609355
45.10209233,-68.6609355
45.10209233,-68.6609355
45.10209233,-68.6609355
45.10209233,-68.6609355
45.10209233,-68.6609355
45.10209233,-68.6609355
45.10209233,-68.6609355
45.10209233,-68.6609355
45.10209233,-68.6609355
45.10209233,-68.6609355
45.10209233,-68.6609355
45.10209233,-68.6609355
45.10207,-68.660967
45.10207,-68.660967
45.10207,-68.660967
45.10207,-68.660967
45.10207,-68.660967
45.10207,-68.660967
45.10207,-68.660967
45.10207,-68.660967
45.10207,-68.660967
45.10207,-68.660967
45.10207,-68.660967
45.10207,-68.660967
45.10207,-68.660967
45.10207,-68.660967
45.10207,-68.660967
45.10207,-68.660967
45.10207,-68.660967
45.10207,-68.660967
45.10207,-68.660967
45.10207,-68.660967
45.10207,-68.660967
45.10207,-68.660967
45.10207,-68.660967
45.10207,-68.660967
45.10207,-68.660967
45.102055,-68.6609885
45.102055,-68.6609885
45.102055,-68.6609885
45.102055,-68.6609885
45.102055,-68.6609885
45.102055,-68.6609885
45.102055,-68.6609885
45.102055,-68.6609885
45.102055,-68.6609885
45.102055,-68.6609885
45.102055,-68.6609885
45.102055,-68.6609885
45.102055,-68.6609885
45.102055,-68.6609885
45.102055,-68.6609885
45.102055,-68.6609885
45.102055,-68.6609885
45.102055,-68.6609885
45.102055,-68.6609885
45.102055,-68.6609885
45.102055,-68.6609885
45.102055,-68.6609885
45.102055,-68.6609885
45.102055,-68.6609885
45.102055,-68.6609885
45.10204033,-68.66101117
45.10204033,-68.66101117
45.10204033,-68.66101117
45.10204033,-68.66101117
45.10204033,-68.66101117
45.10204033,-68.66101117
45.10204033,-68.66101117
45.10204033,-68.66101117
45.10204033,-68.66101117
45.10204033,-68.66101117
45.10204033,-68.66101117
45.10204033,-68.66101117
45.10204033,-68.66101117
45.10204033,-68.66101117
45.10204033,-68.66101117
45.10204033,-68.66101117
45.10204033,-68.66101117
45.10204033,-68.66101117
45.10204033,-68.66101117
45.10204033,-68.66101117
45.10204033,-68.66101117
45.10204033,-68.66101117
45.10204033,-68.66101117
45.10204033,-68.66101117
45.10204033,-68.66101117
45.10201867,-68.66104633
45.10201867,-68.66104633
45.10201867,-68.66104633
45.10201867,-68.66104633
45.10201867,-68.66104633
45.10201867,-68.66104633
45.10201867,-68.66104633
45.10201867,-68.66104633
45.10201867,-68.66104633
45.10201867,-68.66104633
45.10201867,-68.66104633
45.10201867,-68.66104633
45.10201867,-68.66104633
45.10201867,-68.66104633
45.10201867,-68.66104633
45.10201867,-68.66104633
45.10201867,-68.66104633
45.10201867,-68.66104633
45.10201867,-68.66104633
45.10201867,-68.66104633
45.10201867,-68.66104633
45.10201867,-68.66104633
45.10201867,-68.66104633
45.10201867,-68.66104633
45.10201867,-68.66104633
45.10200283,-68.66107
45.10200283,-68.66107
45.10200283,-68.66107
45.10200283,-68.66107
45.10200283,-68.66107
45.10200283,-68.66107
45.10200283,-68.66107
45.10200283,-68.66107
45.10200283,-68.66107
45.10200283,-68.66107
45.10200283,-68.66107
45.10200283,-68.66107
45.10200283,-68.66107
45.10200283,-68.66107
45.10200283,-68.66107
45.10200283,-68.66107
45.10200283,-68.66107
45.10200283,-68.66107
45.10200283,-68.66107
45.10200283,-68.66107
45.10200283,-68.66107
45.10200283,-68.66107
45.10200283,-68.66107
45.10200283,-68.66107
45.10200283,-68.66107
45.10198817,-68.66109333
45.10198817,-68.66109333
45.10198817,-68.66109333
45.10198817,-68.66109333
45.10198817,-68.66109333
45.10198817,-68.66109333
45.10198817,-68.66109333
45.10198817,-68.66109333
45.10198817,-68.66109333
45.10198817,-68.66109333
45.10198817,-68.66109333
45.10198817,-68.66109333
45.10198817,-68.66109333
45.10198817,-68.66109333
45.10198817,-68.66109333
45.10198817,-68.66109333
45.10198817,-68.66109333
45.10198817,-68.66109333
45.10198817,-68.66109333
45.10198817,-68.66109333
45.10198817,-68.66109333
45.10198817,-68.66109333
45.10198817,-68.66109333
45.10198817,-68.66109333
45.10198817,-68.66109333
45.10196583,-68.66112767
45.10196583,-68.66112767
45.10196583,-68.66112767
45.10196583,-68.66112767
45.10196583,-68.66112767
45.10196583,-68.66112767
45.10196583,-68.66112767
45.10196583,-68.66112767
45.10196583,-68.66112767
45.10196583,-68.66112767
45.10196583,-68.66112767
45.10196583,-68.66112767
45.10196583,-68.66112767
45.10196583,-68.66112767
45.10196583,-68.66112767
45.10196583,-68.66112767
45.10196583,-68.66112767
45.10196583,-68.66112767
45.10196583,-68.66112767
45.10196583,-68.66112767
45.10196583,-68.66112767
45.10196583,-68.66112767
45.10196583,-68.66112767
45.10196583,-68.66112767
45.10196583,-68.66112767
45.10195167,-68.66115083
45.10195167,-68.66115083
45.10195167,-68.66115083
45.10195167,-68.66115083
45.10195167,-68.66115083
45.10195167,-68.66115083
45.10195167,-68.66115083
45.10195167,-68.66115083
45.10195167,-68.66115083
45.10195167,-68.66115083
45.10195167,-68.66115083
45.10195167,-68.66115083
45.10195167,-68.66115083
45.10195167,-68.66115083
45.10195167,-68.66115083
45.10195167,-68.66115083
45.10195167,-68.66115083
45.10195167,-68.66115083
45.10195167,-68.66115083
45.10195167,-68.66115083
45.10195167,-68.66115083
45.10195167,-68.66115083
45.10195167,-68.66115083
45.10195167,-68.66115083
45.10195167,-68.66115083
45.101936,-68.66117283
45.101936,-68.66117283
45.101936,-68.66117283
45.101936,-68.66117283
45.101936,-68.66117283
45.101936,-68.66117283
45.101936,-68.66117283
45.101936,-68.66117283
45.101936,-68.66117283
45.101936,-68.66117283
45.101936,-68.66117283
45.101936,-68.66117283
45.101936,-68.66117283
45.101936,-68.66117283
45.101936,-68.66117283
45.101936,-68.66117283
45.101936,-68.66117283
45.101936,-68.66117283
45.101936,-68.66117283
45.101936,-68.66117283
45.101936,-68.66117283
45.101936,-68.66117283
45.101936,-68.66117283
45.101936,-68.66117283
45.101936,-68.66117283
45.1019105,-68.66120633
45.1019105,-68.66120633
45.1019105,-68.66120633
45.1019105,-68.66120633
45.1019105,-68.66120633
45.1019105,-68.66120633
45.1019105,-68.66120633
45.1019105,-68.66120633
45.1019105,-68.66120633
45.1019105,-68.66120633
45.1019105,-68.66120633
45.1019105,-68.66120633
45.1019105,-68.66120633
45.1019105,-68.66120633
45.1019105,-68.66120633
45.1019105,-68.66120633
45.1019105,-68.66120633
45.1019105,-68.66120633
45.1019105,-68.66120633
45.1019105,-68.66120633
45.1019105,-68.66120633
45.1019105,-68.66120633
45.1019105,-68.66120633
45.1019105,-68.66120633
45.1019105,-68.66120633
45.101893,-68.66122917
45.101893,-68.66122917
45.101893,-68.66122917
45.101893,-68.66122917
45.101893,-68.66122917
45.101893,-68.66122917
45.101893,-68.66122917
45.101893,-68.66122917
45.101893,-68.66122917
45.101893,-68.66122917
45.101893,-68.66122917
45.101893,-68.66122917
45.101893,-68.66122917
45.101893,-68.66122917
45.101893,-68.66122917
45.101893,-68.66122917
45.101893,-68.66122917
45.101893,-68.66122917
45.101893,-68.66122917
45.101893,-68.66122917
45.101893,-68.66122917
45.101893,-68.66122917
45.101893,-68.66122917
45.101893,-68.66122917
45.101893,-68.66122917
45.1018685,-68.66126217
45.1018685,-68.66126217
45.1018685,-68.66126217
45.1018685,-68.66126217
45.1018685,-68.66126217
45.1018685,-68.66126217
45.1018685,-68.66126217
45.1018685,-68.66126217
45.1018685,-68.66126217
45.1018685,-68.66126217
45.1018685,-68.66126217
45.1018685,-68.66126217
45.1018685,-68.66126217
45.1018685,-68.66126217
45.1018685,-68.66126217
45.1018685,-68.66126217
45.1018685,-68.66126217
45.1018685,-68.66126217
45.1018685,-68.66126217
45.1018685,-68.66126217
45.1018685,-68.66126217
45.1018685,-68.66126217
45.1018685,-68.66126217
45.1018685,-68.66126217
45.1018685,-68.66126217
45.10185283,-68.66128433
45.10185283,-68.66128433
45.10185283,-68.66128433
45.10185283,-68.66128433
45.10185283,-68.66128433
45.10185283,-68.66128433
45.10185283,-68.66128433
45.10185283,-68.66128433
45.10185283,-68.66128433
45.10185283,-68.66128433
45.10185283,-68.66128433
45.10185283,-68.66128433
45.10185283,-68.66128433
45.10185283,-68.66128433
45.10185283,-68.66128433
45.10185283,-68.66128433
45.10185283,-68.66128433
45.10185283,-68.66128433
45.10185283,-68.66128433
45.10185283,-68.66128433
45.10185283,-68.66128433
45.10185283,-68.66128433
45.10185283,-68.66128433
45.10185283,-68.66128433
45.10185283,-68.66128433
45.1018355,-68.6613055
45.1018355,-68.6613055
45.1018355,-68.6613055
45.1018355,-68.6613055
45.1018355,-68.6613055
45.1018355,-68.6613055
45.1018355,-68.6613055
45.1018355,-68.6613055
45.1018355,-68.6613055
45.1018355,-68.6613055
45.1018355,-68.6613055
45.1018355,-68.6613055
45.1018355,-68.6613055
45.1018355,-68.6613055
45.1018355,-68.6613055
45.1018355,-68.6613055
45.1018355,-68.6613055
45.1018355,-68.6613055
45.1018355,-68.6613055
45.1018355,-68.6613055
45.1018355,-68.6613055
45.1018355,-68.6613055
45.1018355,-68.6613055
45.1018355,-68.6613055
45.1018355,-68.6613055
45.10180983,-68.66133733
45.10180983,-68.66133733
45.10180983,-68.66133733
45.10180983,-68.66133733
45.10180983,-68.66133733
45.10180983,-68.66133733
45.10180983,-68.66133733
45.10180983,-68.66133733
45.10180983,-68.66133733
45.10180983,-68.66133733
45.10180983,-68.66133733
45.10180983,-68.66133733
45.10180983,-68.66133733
45.10180983,-68.66133733
45.10180983,-68.66133733
45.10180983,-68.66133733
45.10180983,-68.66133733
45.10180983,-68.66133733
45.10180983,-68.66133733
45.10180983,-68.66133733
45.10180983,-68.66133733
45.10180983,-68.66133733
45.10180983,-68.66133733
45.10180983,-68.66133733
45.10180983,-68.66133733
45.101792,-68.6613595
45.101792,-68.6613595
45.101792,-68.6613595
45.101792,-68.6613595
45.101792,-68.6613595
45.101792,-68.6613595
45.101792,-68.6613595
45.101792,-68.6613595
45.101792,-68.6613595
45.101792,-68.6613595
45.101792,-68.6613595
45.101792,-68.6613595
45.101792,-68.6613595
45.101792,-68.6613595
45.101792,-68.6613595
45.101792,-68.6613595
45.101792,-68.6613595
45.101792,-68.6613595
45.101792,-68.6613595
45.101792,-68.6613595
45.101792,-68.6613595
45.101792,-68.6613595
45.101792,-68.6613595
45.101792,-68.6613595
45.101792,-68.6613595
45.10177517,-68.66138533
45.10177517,-68.66138533
45.10177517,-68.66138533
45.10177517,-68.66138533
45.10177517,-68.66138533
45.10177517,-68.66138533
45.10177517,-68.66138533
45.10177517,-68.66138533
45.10177517,-68.66138533
45.10177517,-68.66138533
45.10177517,-68.66138533
45.10177517,-68.66138533
45.10177517,-68.66138533
45.10177517,-68.66138533
45.10177517,-68.66138533
45.10177517,-68.66138533
45.10177517,-68.66138533
45.10177517,-68.66138533
45.10177517,-68.66138533
45.10177517,-68.66138533
45.10177517,-68.66138533
45.10177517,-68.66138533
45.10177517,-68.66138533
45.10177517,-68.66138533
45.10177517,-68.66138533
45.10174933,-68.66141917
45.10174933,-68.66141917
45.10174933,-68.66141917
45.10174933,-68.66141917
45.10174933,-68.66141917
45.10174933,-68.66141917
45.10174933,-68.66141917
45.10174933,-68.66141917
45.10174933,-68.66141917
45.10174933,-68.66141917
45.10174933,-68.66141917
45.10174933,-68.66141917
45.10174933,-68.66141917
45.10174933,-68.66141917
45.10174933,-68.66141917
45.10174933,-68.66141917
45.10174933,-68.66141917
45.10174933,-68.66141917
45.10174933,-68.66141917
45.10174933,-68.66141917
45.10174933,-68.66141917
45.10174933,-68.66141917
45.10174933,-68.66141917
45.10174933,-68.66141917
45.10174933,-68.66141917
45.101731,-68.66144367
45.101731,-68.66144367
45.101731,-68.66144367
45.101731,-68.66144367
45.101731,-68.66144367
45.101731,-68.66144367
45.101731,-68.66144367
45.101731,-68.66144367
45.101731,-68.66144367
45.101731,-68.66144367
45.101731,-68.66144367
45.101731,-68.66144367
45.101731,-68.66144367
45.101731,-68.66144367
45.101731,-68.66144367
45.101731,-68.66144367
45.101731,-68.66144367
45.101731,-68.66144367
45.101731,-68.66144367
45.101731,-68.66144367
45.101731,-68.66144367
45.101731,-68.66144367
45.101731,-68.66144367
45.101731,-68.66144367
45.101731,-68.66144367
45.10171267,-68.66146383
45.10171267,-68.66146383
45.10171267,-68.66146383
45.10171267,-68.66146383
45.10171267,-68.66146383
45.10171267,-68.66146383
45.10171267,-68.66146383
45.10171267,-68.66146383
45.10171267,-68.66146383
45.10171267,-68.66146383
45.10171267,-68.66146383
45.10171267,-68.66146383
45.10171267,-68.66146383
45.10171267,-68.66146383
45.10171267,-68.66146383
45.10171267,-68.66146383
45.10171267,-68.66146383
45.10171267,-68.66146383
45.10171267,-68.66146383
45.10171267,-68.66146383
45.10171267,-68.66146383
45.10171267,-68.66146383
45.10171267,-68.66146383
45.10171267,-68.66146383
45.10171267,-68.66146383
45.10168383,-68.66149533
45.10168383,-68.66149533
45.10168383,-68.66149533
45.10168383,-68.66149533
45.10168383,-68.66149533
45.10168383,-68.66149533
45.10168383,-68.66149533
45.10168383,-68.66149533
45.10168383,-68.66149533
45.10168383,-68.66149533
45.10168383,-68.66149533
45.10168383,-68.66149533
45.10168383,-68.66149533
45.10168383,-68.66149533
45.10168383,-68.66149533
45.10168383,-68.66149533
45.10168383,-68.66149533
45.10168383,-68.66149533
45.10168383,-68.66149533
45.10168383,-68.66149533
45.10168383,-68.66149533
45.10168383,-68.66149533
45.10168383,-68.66149533
45.10168383,-68.66149533
45.10168383,-68.66149533
45.101665,-68.66151583
45.101665,-68.66151583
45.101665,-68.66151583
45.101665,-68.66151583
45.101665,-68.66151583
45.101665,-68.66151583
45.101665,-68.66151583
45.101665,-68.66151583
45.101665,-68.66151583
45.101665,-68.66151583
45.101665,-68.66151583
45.101665,-68.66151583
45.101665,-68.66151583
45.101665,-68.66151583
45.101665,-68.66151583
45.101665,-68.66151583
45.101665,-68.66151583
45.101665,-68.66151583
45.101665,-68.66151583
45.101665,-68.66151583
45.101665,-68.66151583
45.101665,-68.66151583
45.101665,-68.66151583
45.101665,-68.66151583
45.101665,-68.66151583
45.1016375,-68.66154283
45.1016375,-68.66154283
45.1016375,-68.66154283
45.1016375,-68.66154283
45.1016375,-68.66154283
45.1016375,-68.66154283
45.1016375,-68.66154283
45.1016375,-68.66154283
45.1016375,-68.66154283
45.1016375,-68.66154283
45.1016375,-68.66154283
45.1016375,-68.66154283
45.1016375,-68.66154283
45.1016375,-68.66154283
45.1016375,-68.66154283
45.1016375,-68.66154283
45.1016375,-68.66154283
45.1016375,-68.66154283
45.1016375,-68.66154283
45.1016375,-68.66154283
45.1016375,-68.66154283
45.1016375,-68.66154283
45.1016375,-68.66154283
45.1016375,-68.66154283
45.1016375,-68.66154283
45.10161867,-68.661564
45.10161867,-68.661564
45.10161867,-68.661564
45.10161867,-68.661564
45.10161867,-68.661564
45.10161867,-68.661564
45.10161867,-68.661564
45.10161867,-68.661564
45.10161867,-68.661564
45.10161867,-68.661564
45.10161867,-68.661564
45.10161867,-68.661564
45.10161867,-68.661564
45.10161867,-68.661564
45.10161867,-68.661564
45.10161867,-68.661564
45.10161867,-68.661564
45.10161867,-68.661564
45.10161867,-68.661564
45.10161867,-68.661564
45.10161867,-68.661564
45.10161867,-68.661564
45.10161867,-68.661564
45.10161867,-68.661564
45.10161867,-68.661564
45.10159967,-68.66158517
45.10159967,-68.66158517
45.10159967,-68.66158517
45.10159967,-68.66158517
45.10159967,-68.66158517
45.10159967,-68.66158517
45.10159967,-68.66158517
45.10159967,-68.66158517
45.10159967,-68.66158517
45.10159967,-68.66158517
45.10159967,-68.66158517
45.10159967,-68.66158517
45.10159967,-68.66158517
45.10159967,-68.66158517
45.10159967,-68.66158517
45.10159967,-68.66158517
45.10159967,-68.66158517
45.10159967,-68.66158517
45.10159967,-68.66158517
45.10159967,-68.66158517
45.10159967,-68.66158517
45.10159967,-68.66158517
45.10159967,-68.66158517
45.10159967,-68.66158517
45.10159967,-68.66158517
45.10156983,-68.661618
45.10156983,-68.661618
45.10156983,-68.661618
45.10156983,-68.661618
45.10156983,-68.661618
45.10156983,-68.661618
45.10156983,-68.661618
45.10156983,-68.661618
45.10156983,-68.661618
45.10156983,-68.661618
45.10156983,-68.661618
45.10156983,-68.661618
45.10156983,-68.661618
45.10156983,-68.661618
45.10156983,-68.661618
45.10156983,-68.661618
45.10156983,-68.661618
45.10156983,-68.661618
45.10156983,-68.661618
45.10156983,-68.661618
45.10156983,-68.661618
45.10156983,-68.661618
45.10156983,-68.661618
45.10156983,-68.661618
45.10156983,-68.661618
45.10154933,-68.661639
45.10154933,-68.661639
45.10154933,-68.661639
45.10154933,-68.661639
45.10154933,-68.661639
45.10154933,-68.661639
45.10154933,-68.661639
45.10154933,-68.661639
45.10154933,-68.661639
45.10154933,-68.661639
45.10154933,-68.661639
45.10154933,-68.661639
45.10154933,-68.661639
45.10154933,-68.661639
45.10154933,-68.661639
45.10154933,-68.661639
45.10154933,-68.661639
45.10154933,-68.661639
45.10154933,-68.661639
45.10154933,-68.661639
45.10154933,-68.661639
45.10154933,-68.661639
45.10154933,-68.661639
45.10154933,-68.661639
45.10154933,-68.661639
45.10152817,-68.66165967
45.10152817,-68.66165967
45.10152817,-68.66165967
45.10152817,-68.66165967
45.10152817,-68.66165967
45.10152817,-68.66165967
45.10152817,-68.66165967
45.10152817,-68.66165967
45.10152817,-68.66165967
45.10152817,-68.66165967
45.10152817,-68.66165967
45.10152817,-68.66165967
45.10152817,-68.66165967
45.10152817,-68.66165967
45.10152817,-68.66165967
45.10152817,-68.66165967
45.10152817,-68.66165967
45.10152817,-68.66165967
45.10152817,-68.66165967
45.10152817,-68.66165967
45.10152817,-68.66165967
45.10152817,-68.66165967
45.10152817,-68.66165967
45.10152817,-68.66165967
45.10152817,-68.66165967
45.1014975,-68.66168983
45.1014975,-68.66168983
45.1014975,-68.66168983
45.1014975,-68.66168983
45.1014975,-68.66168983
45.1014975,-68.66168983
45.1014975,-68.66168983
45.1014975,-68.66168983
45.1014975,-68.66168983
45.1014975,-68.66168983
45.1014975,-68.66168983
45.1014975,-68.66168983
45.1014975,-68.66168983
45.1014975,-68.66168983
45.1014975,-68.66168983
45.1014975,-68.66168983
45.1014975,-68.66168983
45.1014975,-68.66168983
45.1014975,-68.66168983
45.1014975,-68.66168983
45.1014975,-68.66168983
45.1014975,-68.66168983
45.1014975,-68.66168983
45.1014975,-68.66168983
45.1014975,-68.66168983
45.101477,-68.66170817
45.101477,-68.66170817
45.101477,-68.66170817
45.101477,-68.66170817
45.101477,-68.66170817
45.101477,-68.66170817
45.101477,-68.66170817
45.101477,-68.66170817
45.101477,-68.66170817
45.101477,-68.66170817
45.101477,-68.66170817
45.101477,-68.66170817
45.101477,-68.66170817
45.101477,-68.66170817
45.101477,-68.66170817
45.101477,-68.66170817
45.101477,-68.66170817
45.101477,-68.66170817
45.101477,-68.66170817
45.101477,-68.66170817
45.101477,-68.66170817
45.101477,-68.66170817
45.101477,-68.66170817
45.101477,-68.66170817
45.101477,-68.66170817
45.1014555,-68.66172617
45.1014555,-68.66172617
45.1014555,-68.66172617
45.1014555,-68.66172617
45.1014555,-68.66172617
45.1014555,-68.66172617
45.1014555,-68.66172617
45.1014555,-68.66172617
45.1014555,-68.66172617
45.1014555,-68.66172617
45.1014555,-68.66172617
45.1014555,-68.66172617
45.1014555,-68.66172617
45.1014555,-68.66172617
45.1014555,-68.66172617
45.1014555,-68.66172617
45.1014555,-68.66172617
45.1014555,-68.66172617
45.1014555,-68.66172617
45.1014555,-68.66172617
45.1014555,-68.66172617
45.1014555,-68.66172617
45.1014555,-68.66172617
45.1014555,-68.66172617
45.1014555,-68.66172617
45.10142383,-68.66175183
45.10142383,-68.66175183
45.10142383,-68.66175183
45.10142383,-68.66175183
45.10142383,-68.66175183
45.10142383,-68.66175183
45.10142383,-68.66175183
45.10142383,-68.66175183
45.10142383,-68.66175183
45.10142383,-68.66175183
45.10142383,-68.66175183
45.10142383,-68.66175183
45.10142383,-68.66175183
45.10142383,-68.66175183
45.10142383,-68.66175183
45.10142383,-68.66175183
45.10142383,-68.66175183
45.10142383,-68.66175183
45.10142383,-68.66175183
45.10142383,-68.66175183
45.10142383,-68.66175183
45.10142383,-68.66175183
45.10142383,-68.66175183
45.10142383,-68.66175183
45.10142383,-68.66175183
45.10140233,-68.66176883
45.10140233,-68.66176883
45.10140233,-68.66176883
45.10140233,-68.66176883
45.10140233,-68.66176883
45.10140233,-68.66176883
45.10140233,-68.66176883
45.10140233,-68.66176883
45.10140233,-68.66176883
45.10140233,-68.66176883
45.10140233,-68.66176883
45.10140233,-68.66176883
45.10140233,-68.66176883
45.10140233,-68.66176883
45.10140233,-68.66176883
45.10140233,-68.66176883
45.10140233,-68.66176883
45.10140233,-68.66176883
45.10140233,-68.66176883
45.10140233,-68.66176883
45.10140233,-68.66176883
45.10140233,-68.66176883
45.10140233,-68.66176883
45.10140233,-68.66176883
45.10140233,-68.66176883
45.10138133,-68.6617855
45.10138133,-68.6617855
45.10138133,-68.6617855
45.10138133,-68.6617855
45.10138133,-68.6617855
45.10138133,-68.6617855
45.10138133,-68.6617855
45.10138133,-68.6617855
45.10138133,-68.6617855
45.10138133,-68.6617855
45.10138133,-68.6617855
45.10138133,-68.6617855
45.10138133,-68.6617855
45.10138133,-68.6617855
45.10138133,-68.6617855
45.10138133,-68.6617855
45.10138133,-68.6617855
45.10138133,-68.6617855
45.10138133,-68.6617855
45.10138133,-68.6617855
45.10138133,-68.6617855
45.10138133,-68.6617855
45.10138133,-68.6617855
45.10138133,-68.6617855
45.10138133,-68.6617855
45.1013495,-68.66180883
45.1013495,-68.66180883
45.1013495,-68.66180883
45.1013495,-68.66180883
45.1013495,-68.66180883
45.1013495,-68.66180883
45.1013495,-68.66180883
45.1013495,-68.66180883
45.1013495,-68.66180883
45.1013495,-68.66180883
45.1013495,-68.66180883
45.1013495,-68.66180883
45.1013495,-68.66180883
45.1013495,-68.66180883
45.1013495,-68.66180883
45.1013495,-68.66180883
45.1013495,-68.66180883
45.1013495,-68.66180883
45.1013495,-68.66180883
45.1013495,-68.66180883
45.1013495,-68.66180883
45.1013495,-68.66180883
45.1013495,-68.66180883
45.1013495,-68.66180883
45.1013495,-68.66180883
45.10132833,-68.66182317
45.10132833,-68.66182317
45.10132833,-68.66182317
45.10132833,-68.66182317
45.10132833,-68.66182317
45.10132833,-68.66182317
45.10132833,-68.66182317
45.10132833,-68.66182317
45.10132833,-68.66182317
45.10132833,-68.66182317
45.10132833,-68.66182317
45.10132833,-68.66182317
45.10132833,-68.66182317
45.10132833,-68.66182317
45.10132833,-68.66182317
45.10132833,-68.66182317
45.10132833,-68.66182317
45.10132833,-68.66182317
45.10132833,-68.66182317
45.10132833,-68.66182317
45.10132833,-68.66182317
45.10132833,-68.66182317
45.10132833,-68.66182317
45.10132833,-68.66182317
45.10132833,-68.66182317
45.10129717,-68.66184433
45.10129717,-68.66184433
45.10129717,-68.66184433
45.10129717,-68.66184433
45.10129717,-68.66184433
45.10129717,-68.66184433
45.10129717,-68.66184433
45.10129717,-68.66184433
45.10129717,-68.66184433
45.10129717,-68.66184433
45.10129717,-68.66184433
45.10129717,-68.66184433
45.10129717,-68.66184433
45.10129717,-68.66184433
45.10129717,-68.66184433
45.10129717,-68.66184433
45.10129717,-68.66184433
45.10129717,-68.66184433
45.10129717,-68.66184433
45.10129717,-68.66184433
45.10129717,-68.66184433
45.10129717,-68.66184433
45.10129717,-68.66184433
45.10129717,-68.66184433
45.10129717,-68.66184433
45.10127533,-68.66185933
45.10127533,-68.66185933
45.10127533,-68.66185933
45.10127533,-68.66185933
45.10127533,-68.66185933
45.10127533,-68.66185933
45.10127533,-68.66185933
45.10127533,-68.66185933
45.10127533,-68.66185933
45.10127533,-68.66185933
45.10127533,-68.66185933
45.10127533,-68.66185933
45.10127533,-68.66185933
45.10127533,-68.66185933
45.10127533,-68.66185933
45.10127533,-68.66185933
45.10127533,-68.66185933
45.10127533,-68.66185933
45.10127533,-68.66185933
45.10127533,-68.66185933
45.10127533,-68.66185933
45.10127533,-68.66185933
45.10127533,-68.66185933
45.10127533,-68.66185933
45.10127533,-68.66185933
45.101254,-68.661873
45.101254,-68.661873
45.101254,-68.661873
45.101254,-68.661873
45.101254,-68.661873
45.101254,-68.661873
45.101254,-68.661873
45.101254,-68.661873
45.101254,-68.661873
45.101254,-68.661873
45.101254,-68.661873
45.101254,-68.661873
45.101254,-68.661873
45.101254,-68.661873
45.101254,-68.661873
45.101254,-68.661873
45.101254,-68.661873
45.101254,-68.661873
45.101254,-68.661873
45.101254,-68.661873
45.101254,-68.661873
45.101254,-68.661873
45.101254,-68.661873
45.101254,-68.661873
45.101254,-68.661873
45.1012215,-68.66189683
45.1012215,-68.66189683
45.1012215,-68.66189683
45.1012215,-68.66189683
45.1012215,-68.66189683
45.1012215,-68.66189683
45.1012215,-68.66189683
45.1012215,-68.66189683
45.1012215,-68.66189683
45.1012215,-68.66189683
45.1012215,-68.66189683
45.1012215,-68.66189683
45.1012215,-68.66189683
45.1012215,-68.66189683
45.1012215,-68.66189683
45.1012215,-68.66189683
45.1012215,-68.66189683
45.1012215,-68.66189683
45.1012215,-68.66189683
45.1012215,-68.66189683
45.1012215,-68.66189683
45.1012215,-68.66189683
45.1012215,-68.66189683
45.1012215,-68.66189683
45.1012215,-68.66189683
45.10120017,-68.661914
45.10120017,-68.661914
45.10120017,-68.661914
45.10120017,-68.661914
45.10120017,-68.661914
45.10120017,-68.661914
45.10120017,-68.661914
45.10120017,-68.661914
45.10120017,-68.661914
45.10120017,-68.661914
45.10120017,-68.661914
45.10120017,-68.661914
45.10120017,-68.661914
45.10120017,-68.661914
45.10120017,-68.661914
45.10120017,-68.661914
45.10120017,-68.661914
45.10120017,-68.661914
45.10120017,-68.661914
45.10120017,-68.661914
45.10120017,-68.661914
45.10120017,-68.661914
45.10120017,-68.661914
45.10120017,-68.661914
45.10120017,-68.661914
45.10117917,-68.6619315
45.10117917,-68.6619315
45.10117917,-68.6619315
45.10117917,-68.6619315
45.10117917,-68.6619315
45.10117917,-68.6619315
45.10117917,-68.6619315
45.10117917,-68.6619315
45.10117917,-68.6619315
45.10117917,-68.6619315
45.10117917,-68.6619315
45.10117917,-68.6619315
45.10117917,-68.6619315
45.10117917,-68.6619315
45.10117917,-68.6619315
45.10117917,-68.6619315
45.10117917,-68.6619315
45.10117917,-68.6619315
45.10117917,-68.6619315
45.10117917,-68.6619315
45.10117917,-68.6619315
45.10117917,-68.6619315
45.10117917,-68.6619315
45.10117917,-68.6619315
45.10117917,-68.6619315
45.101148,-68.66195817
45.101148,-68.66195817
45.101148,-68.66195817
45.101148,-68.66195817
45.101148,-68.66195817
45.101148,-68.66195817
45.101148,-68.66195817
45.101148,-68.66195817
45.101148,-68.66195817
45.101148,-68.66195817
45.101148,-68.66195817
45.101148,-68.66195817
45.101148,-68.66195817
45.101148,-68.66195817
45.101148,-68.66195817
45.101148,-68.66195817
45.101148,-68.66195817
45.101148,-68.66195817
45.101148,-68.66195817
45.101148,-68.66195817
45.101148,-68.66195817
45.101148,-68.66195817
45.101148,-68.66195817
45.101148,-68.66195817
45.101148,-68.66195817
45.10112667,-68.66197533
45.10112667,-68.66197533
45.10112667,-68.66197533
45.10112667,-68.66197533
45.10112667,-68.66197533
45.10112667,-68.66197533
45.10112667,-68.66197533
45.10112667,-68.66197533
45.10112667,-68.66197533
45.10112667,-68.66197533
45.10112667,-68.66197533
45.10112667,-68.66197533
45.10112667,-68.66197533
45.10112667,-68.66197533
45.10112667,-68.66197533
45.10112667,-68.66197533
45.10112667,-68.66197533
45.10112667,-68.66197533
45.10112667,-68.66197533
45.10112667,-68.66197533
45.10112667,-68.66197533
45.10112667,-68.66197533
45.10112667,-68.66197533
45.10112667,-68.66197533
45.10112667,-68.66197533
45.10110383,-68.66199333
45.10110383,-68.66199333
45.10110383,-68.66199333
45.10110383,-68.66199333
45.10110383,-68.66199333
45.10110383,-68.66199333
45.10110383,-68.66199333
45.10110383,-68.66199333
45.10110383,-68.66199333
45.10110383,-68.66199333
45.10110383,-68.66199333
45.10110383,-68.66199333
45.10110383,-68.66199333
45.10110383,-68.66199333
45.10110383,-68.66199333
45.10110383,-68.66199333
45.10110383,-68.66199333
45.10110383,-68.66199333
45.10110383,-68.66199333
45.10110383,-68.66199333
45.10110383,-68.66199333
45.10110383,-68.66199333
45.10110383,-68.66199333
45.10110383,-68.66199333
45.10110383,-68.66199333
45.10107217,-68.66201967
45.10107217,-68.66201967
45.10107217,-68.66201967
45.10107217,-68.66201967
45.10107217,-68.66201967
45.10107217,-68.66201967
45.10107217,-68.66201967
45.10107217,-68.66201967
45.10107217,-68.66201967
45.10107217,-68.66201967
45.10107217,-68.66201967
45.10107217,-68.66201967
45.10107217,-68.66201967
45.10107217,-68.66201967
45.10107217,-68.66201967
45.10107217,-68.66201967
45.10107217,-68.66201967
45.10107217,-68.66201967
45.10107217,-68.66201967
45.10107217,-68.66201967
45.10107217,-68.66201967
45.10107217,-68.66201967
45.10107217,-68.66201967
45.10107217,-68.66201967
45.10107217,-68.66201967
45.10105167,-68.66203667
45.10105167,-68.66203667
45.10105167,-68.66203667
45.10105167,-68.66203667
45.10105167,-68.66203667
45.10105167,-68.66203667
45.10105167,-68.66203667
45.10105167,-68.66203667
45.10105167,-68.66203667
45.10105167,-68.66203667
45.10105167,-68.66203667
45.10105167,-68.66203667
45.10105167,-68.66203667
45.10105167,-68.66203667
45.10105167,-68.66203667
45.10105167,-68.66203667
45.10105167,-68.66203667
45.10105167,-68.66203667
45.10105167,-68.66203667
45.10105167,-68.66203667
45.10105167,-68.66203667
45.10105167,-68.66203667
45.10105167,-68.66203667
45.10105167,-68.66203667
45.10105167,-68.66203667
45.10102433,-68.66206167
45.10102433,-68.66206167
45.10102433,-68.66206167
45.10102433,-68.66206167
45.10102433,-68.66206167
45.10102433,-68.66206167
45.10102433,-68.66206167
45.10102433,-68.66206167
45.10102433,-68.66206167
45.10102433,-68.66206167
45.10102433,-68.66206167
45.10102433,-68.66206167
45.10102433,-68.66206167
45.10102433,-68.66206167
45.10102433,-68.66206167
45.10102433,-68.66206167
45.10102433,-68.66206167
45.10102433,-68.66206167
45.10102433,-68.66206167
45.10102433,-68.66206167
45.10102433,-68.66206167
45.10102433,-68.66206167
45.10102433,-68.66206167
45.10102433,-68.66206167
45.10102433,-68.66206167
45.101005,-68.66207917
45.101005,-68.66207917
45.101005,-68.66207917
45.101005,-68.66207917
45.101005,-68.66207917
45.101005,-68.66207917
45.101005,-68.66207917
45.101005,-68.66207917
45.101005,-68.66207917
45.101005,-68.66207917
45.101005,-68.66207917
45.101005,-68.66207917
45.101005,-68.66207917
45.101005,-68.66207917
45.101005,-68.66207917
45.101005,-68.66207917
45.101005,-68.66207917
45.101005,-68.66207917
45.101005,-68.66207917
45.101005,-68.66207917
45.101005,-68.66207917
45.101005,-68.66207917
45.101005,-68.66207917
45.101005,-68.66207917
45.101005,-68.66207917
45.10098483,-68.66209683
45.10098483,-68.66209683
45.10098483,-68.66209683
45.10098483,-68.66209683
45.10098483,-68.66209683
45.10098483,-68.66209683
45.10098483,-68.66209683
45.10098483,-68.66209683
45.10098483,-68.66209683
45.10098483,-68.66209683
45.10098483,-68.66209683
45.10098483,-68.66209683
45.10098483,-68.66209683
45.10098483,-68.66209683
45.10098483,-68.66209683
45.10098483,-68.66209683
45.10098483,-68.66209683
45.10098483,-68.66209683
45.10098483,-68.66209683
45.10098483,-68.66209683
45.10098483,-68.66209683
45.10098483,-68.66209683
45.10098483,-68.66209683
45.10098483,-68.66209683
45.10098483,-68.66209683
45.1009535,-68.66212417
45.1009535,-68.66212417
45.1009535,-68.66212417
45.1009535,-68.66212417
45.1009535,-68.66212417
45.1009535,-68.66212417
45.1009535,-68.66212417
45.1009535,-68.66212417
45.1009535,-68.66212417
45.1009535,-68.66212417
45.1009535,-68.66212417
45.1009535,-68.66212417
45.1009535,-68.66212417
45.1009535,-68.66212417
45.1009535,-68.66212417
45.1009535,-68.66212417
45.1009535,-68.66212417
45.1009535,-68.66212417
45.1009535,-68.66212417
45.1009535,-68.66212417
45.1009535,-68.66212417
45.1009535,-68.66212417
45.1009535,-68.66212417
45.1009535,-68.66212417
45.1009535,-68.66212417
45.10093233,-68.662141
45.10093233,-68.662141
45.10093233,-68.662141
45.10093233,-68.662141
45.10093233,-68.662141
45.10093233,-68.662141
45.10093233,-68.662141
45.10093233,-68.662141
45.10093233,-68.662141
45.10093233,-68.662141
45.10093233,-68.662141
45.10093233,-68.662141
45.10093233,-68.662141
45.10093233,-68.662141
45.10093233,-68.662141
45.10093233,-68.662141
45.10093233,-68.662141
45.10093233,-68.662141
45.10093233,-68.662141
45.10093233,-68.662141
45.10093233,-68.662141
45.10093233,-68.662141
45.10093233,-68.662141
45.10093233,-68.662141
45.10093233,-68.662141
45.10091133,-68.66215767
45.10091133,-68.66215767
45.10091133,-68.66215767
45.10091133,-68.66215767
45.10091133,-68.66215767
45.10091133,-68.66215767
45.10091133,-68.66215767
45.10091133,-68.66215767
45.10091133,-68.66215767
45.10091133,-68.66215767
45.10091133,-68.66215767
45.10091133,-68.66215767
45.10091133,-68.66215767
45.10091133,-68.66215767
45.10091133,-68.66215767
45.10091133,-68.66215767
45.10091133,-68.66215767
45.10091133,-68.66215767
45.10091133,-68.66215767
45.10091133,-68.66215767
45.10091133,-68.66215767
45.10091133,-68.66215767
45.10091133,-68.66215767
45.10091133,-68.66215767
45.10091133,-68.66215767
45.10087917,-68.66218183
45.10087917,-68.66218183
45.10087917,-68.66218183
45.10087917,-68.66218183
45.10087917,-68.66218183
45.10087917,-68.66218183
45.10087917,-68.66218183
45.10087917,-68.66218183
45.10087917,-68.66218183
45.10087917,-68.66218183
45.10087917,-68.66218183
45.10087917,-68.66218183
45.10087917,-68.66218183
45.10087917,-68.66218183
45.10087917,-68.66218183
45.10087917,-68.66218183
45.10087917,-68.66218183
45.10087917,-68.66218183
45.10087917,-68.66218183
45.10087917,-68.66218183
45.10087917,-68.66218183
45.10087917,-68.66218183
45.10087917,-68.66218183
45.10087917,-68.66218183
45.10087917,-68.66218183
45.10085817,-68.66219833
45.10085817,-68.66219833
45.10085817,-68.66219833
45.10085817,-68.66219833
45.10085817,-68.66219833
45.10085817,-68.66219833
45.10085817,-68.66219833
45.10085817,-68.66219833
45.10085817,-68.66219833
45.10085817,-68.66219833
45.10085817,-68.66219833
45.10085817,-68.66219833
45.10085817,-68.66219833
45.10085817,-68.66219833
45.10085817,-68.66219833
45.10085817,-68.66219833
45.10085817,-68.66219833
45.10085817,-68.66219833
45.10085817,-68.66219833
45.10085817,-68.66219833
45.10085817,-68.66219833
45.10085817,-68.66219833
45.10085817,-68.66219833
45.10085817,-68.66219833
45.10085817,-68.66219833
45.10083717,-68.662214
45.10083717,-68.662214
45.10083717,-68.662214
45.10083717,-68.662214
45.10083717,-68.662214
45.10083717,-68.662214
45.10083717,-68.662214
45.10083717,-68.662214
45.10083717,-68.662214
45.10083717,-68.662214
45.10083717,-68.662214
45.10083717,-68.662214
45.10083717,-68.662214
45.10083717,-68.662214
45.10083717,-68.662214
45.10083717,-68.662214
45.10083717,-68.662214
45.10083717,-68.662214
45.10083717,-68.662214
45.10083717,-68.662214
45.10083717,-68.662214
45.10083717,-68.662214
45.10083717,-68.662214
45.10083717,-68.662214
45.10083717,-68.662214
45.10080533,-68.662236
45.10080533,-68.662236
45.10080533,-68.662236
45.10080533,-68.662236
45.10080533,-68.662236
45.10080533,-68.662236
45.10080533,-68.662236
45.10080533,-68.662236
45.10080533,-68.662236
45.10080533,-68.662236
45.10080533,-68.662236
45.10080533,-68.662236
45.10080533,-68.662236
45.10080533,-68.662236
45.10080533,-68.662236
45.10080533,-68.662236
45.10080533,-68.662236
45.10080533,-68.662236
45.10080533,-68.662236
45.10080533,-68.662236
45.10080533,-68.662236
45.10080533,-68.662236
45.10080533,-68.662236
45.10080533,-68.662236
45.10080533,-68.662236
45.1007835,-68.6622505
45.1007835,-68.6622505
45.1007835,-68.6622505
45.1007835,-68.6622505
45.1007835,-68.6622505
45.1007835,-68.6622505
45.1007835,-68.6622505
45.1007835,-68.6622505
45.1007835,-68.6622505
45.1007835,-68.6622505
45.1007835,-68.6622505
45.1007835,-68.6622505
45.1007835,-68.6622505
45.1007835,-68.6622505
45.1007835,-68.6622505
45.1007835,-68.6622505
45.1007835,-68.6622505
45.1007835,-68.6622505
45.1007835,-68.6622505
45.1007835,-68.6622505
45.1007835,-68.6622505
45.1007835,-68.6622505
45.1007835,-68.6622505
45.1007835,-68.6622505
45.1007835,-68.6622505
45.10075083,-68.66227167
45.10075083,-68.66227167
45.10075083,-68.66227167
45.10075083,-68.66227167
45.10075083,-68.66227167
45.10075083,-68.66227167
45.10075083,-68.66227167
45.10075083,-68.66227167
45.10075083,-68.66227167
45.10075083,-68.66227167
45.10075083,-68.66227167
45.10075083,-68.66227167
45.10075083,-68.66227167
45.10075083,-68.66227167
45.10075083,-68.66227167
45.10075083,-68.66227167
45.10075083,-68.66227167
45.10075083,-68.66227167
45.10075083,-68.66227167
45.10075083,-68.66227167
45.10075083,-68.66227167
45.10075083,-68.66227167
45.10075083,-68.66227167
45.10075083,-68.66227167
45.10075083,-68.66227167
45.10073,-68.66228383
45.10073,-68.66228383
45.10073,-68.66228383
45.10073,-68.66228383
45.10073,-68.66228383
45.10073,-68.66228383
45.10073,-68.66228383
45.10073,-68.66228383
45.10073,-68.66228383
45.10073,-68.66228383
45.10073,-68.66228383
45.10073,-68.66228383
45.10073,-68.66228383
45.10073,-68.66228383
45.10073,-68.66228383
45.10073,-68.66228383
45.10073,-68.66228383
45.10073,-68.66228383
45.10073,-68.66228383
45.10073,-68.66228383
45.10073,-68.66228383
45.10073,-68.66228383
45.10073,-68.66228383
45.10073,-68.66228383
45.10073,-68.66228383
45.10070917,-68.66229733
45.10070917,-68.66229733
45.10070917,-68.66229733
45.10070917,-68.66229733
45.10070917,-68.66229733
45.10070917,-68.66229733
45.10070917,-68.66229733
45.10070917,-68.66229733
45.10070917,-68.66229733
45.10070917,-68.66229733
45.10070917,-68.66229733
45.10070917,-68.66229733
45.10070917,-68.66229733
45.10070917,-68.66229733
45.10070917,-68.66229733
45.10070917,-68.66229733
45.10070917,-68.66229733
45.10070917,-68.66229733
45.10070917,-68.66229733
45.10070917,-68.66229733
45.10070917,-68.66229733
45.10070917,-68.66229733
45.10070917,-68.66229733
45.10070917,-68.66229733
45.10070917,-68.66229733
45.10067683,-68.66232
45.10067683,-68.66232
45.10067683,-68.66232
45.10067683,-68.66232
45.10067683,-68.66232
45.10067683,-68.66232
45.10067683,-68.66232
45.10067683,-68.66232
45.10067683,-68.66232
45.10067683,-68.66232
45.10067683,-68.66232
45.10067683,-68.66232
45.10067683,-68.66232
45.10067683,-68.66232
45.10067683,-68.66232
45.10067683,-68.66232
45.10067683,-68.66232
45.10067683,-68.66232
45.10067683,-68.66232
45.10067683,-68.66232
45.10067683,-68.66232
45.10067683,-68.66232
45.10067683,-68.66232
45.10067683,-68.66232
45.10067683,-68.66232
45.1006555,-68.66233567
45.1006555,-68.66233567
45.1006555,-68.66233567
45.1006555,-68.66233567
45.1006555,-68.66233567
45.1006555,-68.66233567
45.1006555,-68.66233567
45.1006555,-68.66233567
45.1006555,-68.66233567
45.1006555,-68.66233567
45.1006555,-68.66233567
45.1006555,-68.66233567
45.1006555,-68.66233567
45.1006555,-68.66233567
45.1006555,-68.66233567
45.1006555,-68.66233567
45.1006555,-68.66233567
45.1006555,-68.66233567
45.1006555,-68.66233567
45.1006555,-68.66233567
45.1006555,-68.66233567
45.1006555,-68.66233567
45.1006555,-68.66233567
45.1006555,-68.66233567
45.1006555,-68.66233567
45.10063517,-68.66234983
45.10063517,-68.66234983
45.10063517,-68.66234983
45.10063517,-68.66234983
45.10063517,-68.66234983
45.10063517,-68.66234983
45.10063517,-68.66234983
45.10063517,-68.66234983
45.10063517,-68.66234983
45.10063517,-68.66234983
45.10063517,-68.66234983
45.10063517,-68.66234983
45.10063517,-68.66234983
45.10063517,-68.66234983
45.10063517,-68.66234983
45.10063517,-68.66234983
45.10063517,-68.66234983
45.10063517,-68.66234983
45.10063517,-68.66234983
45.10063517,-68.66234983
45.10063517,-68.66234983
45.10063517,-68.66234983
45.10063517,-68.66234983
45.10063517,-68.66234983
45.10063517,-68.66234983
45.10060317,-68.66237267
45.10060317,-68.66237267
45.10060317,-68.66237267
45.10060317,-68.66237267
45.10060317,-68.66237267
45.10060317,-68.66237267
45.10060317,-68.66237267
45.10060317,-68.66237267
45.10060317,-68.66237267
45.10060317,-68.66237267
45.10060317,-68.66237267
45.10060317,-68.66237267
45.10060317,-68.66237267
45.10060317,-68.66237267
45.10060317,-68.66237267
45.10060317,-68.66237267
45.10060317,-68.66237267
45.10060317,-68.66237267
45.10060317,-68.66237267
45.10060317,-68.66237267
45.10060317,-68.66237267
45.10060317,-68.66237267
45.10060317,-68.66237267
45.10060317,-68.66237267
45.10060317,-68.66237267
45.1005815,-68.66238867
45.1005815,-68.66238867
45.1005815,-68.66238867
45.1005815,-68.66238867
45.1005815,-68.66238867
45.1005815,-68.66238867
45.1005815,-68.66238867
45.1005815,-68.66238867
45.1005815,-68.66238867
45.1005815,-68.66238867
45.1005815,-68.66238867
45.1005815,-68.66238867
45.1005815,-68.66238867
45.1005815,-68.66238867
45.1005815,-68.66238867
45.1005815,-68.66238867
45.1005815,-68.66238867
45.1005815,-68.66238867
45.1005815,-68.66238867
45.1005815,-68.66238867
45.1005815,-68.66238867
45.1005815,-68.66238867
45.1005815,-68.66238867
45.1005815,-68.66238867
45.1005815,-68.66238867
45.10055983,-68.662403
45.10055983,-68.662403
45.10055983,-68.662403
45.10055983,-68.662403
45.10055983,-68.662403
45.10055983,-68.662403
45.10055983,-68.662403
45.10055983,-68.662403
45.10055983,-68.662403
45.10055983,-68.662403
45.10055983,-68.662403
45.10055983,-68.662403
45.10055983,-68.662403
45.10055983,-68.662403
45.10055983,-68.662403
45.10055983,-68.662403
45.10055983,-68.662403
45.10055983,-68.662403
45.10055983,-68.662403
45.10055983,-68.662403
45.10055983,-68.662403
45.10055983,-68.662403
45.10055983,-68.662403
45.10055983,-68.662403
45.10055983,-68.662403
45.10052767,-68.6624195
45.10052767,-68.6624195
45.10052767,-68.6624195
45.10052767,-68.6624195
45.10052767,-68.6624195
45.10052767,-68.6624195
45.10052767,-68.6624195
45.10052767,-68.6624195
45.10052767,-68.6624195
45.10052767,-68.6624195
45.10052767,-68.6624195
45.10052767,-68.6624195
45.10052767,-68.6624195
45.10052767,-68.6624195
45.10052767,-68.6624195
45.10052767,-68.6624195
45.10052767,-68.6624195
45.10052767,-68.6624195
45.10052767,-68.6624195
45.10052767,-68.6624195
45.10052767,-68.6624195
45.10052767,-68.6624195
45.10052767,-68.6624195
45.10052767,-68.6624195
45.10052767,-68.6624195
45.10050483,-68.66243017
45.10050483,-68.66243017
45.10050483,-68.66243017
45.10050483,-68.66243017
45.10050483,-68.66243017
45.10050483,-68.66243017
45.10050483,-68.66243017
45.10050483,-68.66243017
45.10050483,-68.66243017
45.10050483,-68.66243017
45.10050483,-68.66243017
45.10050483,-68.66243017
45.10050483,-68.66243017
45.10050483,-68.66243017
45.10050483,-68.66243017
45.10050483,-68.66243017
45.10050483,-68.66243017
45.10050483,-68.66243017
45.10050483,-68.66243017
45.10050483,-68.66243017
45.10050483,-68.66243017
45.10050483,-68.66243017
45.10050483,-68.66243017
45.10050483,-68.66243017
45.10050483,-68.66243017
45.10048383,-68.6624385
45.10048383,-68.6624385
45.10048383,-68.6624385
45.10048383,-68.6624385
45.10048383,-68.6624385
45.10048383,-68.6624385
45.10048383,-68.6624385
45.10048383,-68.6624385
45.10048383,-68.6624385
45.10048383,-68.6624385
45.10048383,-68.6624385
45.10048383,-68.6624385
45.10048383,-68.6624385
45.10048383,-68.6624385
45.10048383,-68.6624385
45.10048383,-68.6624385
45.10048383,-68.6624385
45.10048383,-68.6624385
45.10048383,-68.6624385
45.10048383,-68.6624385
45.10048383,-68.6624385
45.10048383,-68.6624385
45.10048383,-68.6624385
45.10048383,-68.6624385
45.10048383,-68.6624385
45.10045117,-68.66245283
45.10045117,-68.66245283
45.10045117,-68.66245283
45.10045117,-68.66245283
45.10045117,-68.66245283
45.10045117,-68.66245283
45.10045117,-68.66245283
45.10045117,-68.66245283
45.10045117,-68.66245283
45.10045117,-68.66245283
45.10045117,-68.66245283
45.10045117,-68.66245283
45.10045117,-68.66245283
45.10045117,-68.66245283
45.10045117,-68.66245283
45.10045117,-68.66245283
45.10045117,-68.66245283
45.10045117,-68.66245283
45.10045117,-68.66245283
45.10045117,-68.66245283
45.10045117,-68.66245283
45.10045117,-68.66245283
45.10045117,-68.66245283
45.10045117,-68.66245283
45.10045117,-68.66245283
45.10043,-68.6624615
45.10043,-68.6624615
45.10043,-68.6624615
45.10043,-68.6624615
45.10043,-68.6624615
45.10043,-68.6624615
45.10043,-68.6624615
45.10043,-68.6624615
45.10043,-68.6624615
45.10043,-68.6624615
45.10043,-68.6624615
45.10043,-68.6624615
45.10043,-68.6624615
45.10043,-68.6624615
45.10043,-68.6624615
45.10043,-68.6624615
45.10043,-68.6624615
45.10043,-68.6624615
45.10043,-68.6624615
45.10043,-68.6624615
45.10043,-68.6624615
45.10043,-68.6624615
45.10043,-68.6624615
45.10043,-68.6624615
45.10043,-68.6624615
45.10039767,-68.66247333
45.10039767,-68.66247333
45.10039767,-68.66247333
45.10039767,-68.66247333
45.10039767,-68.66247333
45.10039767,-68.66247333
45.10039767,-68.66247333
45.10039767,-68.66247333
45.10039767,-68.66247333
45.10039767,-68.66247333
45.10039767,-68.66247333
45.10039767,-68.66247333
45.10039767,-68.66247333
45.10039767,-68.66247333
45.10039767,-68.66247333
45.10039767,-68.66247333
45.10039767,-68.66247333
45.10039767,-68.66247333
45.10039767,-68.66247333
45.10039767,-68.66247333
45.10039767,-68.66247333
45.10039767,-68.66247333
45.10039767,-68.66247333
45.10039767,-68.66247333
45.10039767,-68.66247333
45.10037583,-68.66248067
45.10037583,-68.66248067
45.10037583,-68.66248067
45.10037583,-68.66248067
45.10037583,-68.66248067
45.10037583,-68.66248067
45.10037583,-68.66248067
45.10037583,-68.66248067
45.10037583,-68.66248067
45.10037583,-68.66248067
45.10037583,-68.66248067
45.10037583,-68.66248067
45.10037583,-68.66248067
45.10037583,-68.66248067
45.10037583,-68.66248067
45.10037583,-68.66248067
45.10037583,-68.66248067
45.10037583,-68.66248067
45.10037583,-68.66248067
45.10037583,-68.66248067
45.10037583,-68.66248067
45.10037583,-68.66248067
45.10037583,-68.66248067
45.10037583,-68.66248067
45.10037583,-68.66248067
45.100354,-68.6624875
45.100354,-68.6624875
45.100354,-68.6624875
45.100354,-68.6624875
45.100354,-68.6624875
45.100354,-68.6624875
45.100354,-68.6624875
45.100354,-68.6624875
45.100354,-68.6624875
45.100354,-68.6624875
45.100354,-68.6624875
45.100354,-68.6624875
45.100354,-68.6624875
45.100354,-68.6624875
45.100354,-68.6624875
45.100354,-68.6624875
45.100354,-68.6624875
45.100354,-68.6624875
45.100354,-68.6624875
45.100354,-68.6624875
45.100354,-68.6624875
45.100354,-68.6624875
45.100354,-68.6624875
45.100354,-68.6624875
45.100354,-68.6624875
45.10032033,-68.66249967
45.10032033,-68.66249967
45.10032033,-68.66249967
45.10032033,-68.66249967
45.10032033,-68.66249967
45.10032033,-68.66249967
45.10032033,-68.66249967
45.10032033,-68.66249967
45.10032033,-68.66249967
45.10032033,-68.66249967
45.10032033,-68.66249967
45.10032033,-68.66249967
45.10032033,-68.66249967
45.10032033,-68.66249967
45.10032033,-68.66249967
45.10032033,-68.66249967
45.10032033,-68.66249967
45.10032033,-68.66249967
45.10032033,-68.66249967
45.10032033,-68.66249967
45.10032033,-68.66249967
45.10032033,-68.66249967
45.10032033,-68.66249967
45.10032033,-68.66249967
45.10032033,-68.66249967
45.1002985,-68.66250783
45.1002985,-68.66250783
45.1002985,-68.66250783
45.1002985,-68.66250783
45.1002985,-68.66250783
45.1002985,-68.66250783
45.1002985,-68.66250783
45.1002985,-68.66250783
45.1002985,-68.66250783
45.1002985,-68.66250783
45.1002985,-68.66250783
45.1002985,-68.66250783
45.1002985,-68.66250783
45.1002985,-68.66250783
45.1002985,-68.66250783
45.1002985,-68.66250783
45.1002985,-68.66250783
45.1002985,-68.66250783
45.1002985,-68.66250783
45.1002985,-68.66250783
45.1002985,-68.66250783
45.1002985,-68.66250783
45.1002985,-68.66250783
45.1002985,-68.66250783
45.1002985,-68.66250783
45.10027567,-68.66251567
45.10027567,-68.66251567
45.10027567,-68.66251567
45.10027567,-68.66251567
45.10027567,-68.66251567
45.10027567,-68.66251567
45.10027567,-68.66251567
45.10027567,-68.66251567
45.10027567,-68.66251567
45.10027567,-68.66251567
45.10027567,-68.66251567
45.10027567,-68.66251567
45.10027567,-68.66251567
45.10027567,-68.66251567
45.10027567,-68.66251567
45.10027567,-68.66251567
45.10027567,-68.66251567
45.10027567,-68.66251567
45.10027567,-68.66251567
45.10027567,-68.66251567
45.10027567,-68.66251567
45.10027567,-68.66251567
45.10027567,-68.66251567
45.10027567,-68.66251567
45.10027567,-68.66251567
45.10024117,-68.66252683
45.10024117,-68.66252683
45.10024117,-68.66252683
45.10024117,-68.66252683
45.10024117,-68.66252683
45.10024117,-68.66252683
45.10024117,-68.66252683
45.10024117,-68.66252683
45.10024117,-68.66252683
45.10024117,-68.66252683
45.10024117,-68.66252683
45.10024117,-68.66252683
45.10024117,-68.66252683
45.10024117,-68.66252683
45.10024117,-68.66252683
45.10024117,-68.66252683
45.10024117,-68.66252683
45.10024117,-68.66252683
45.10024117,-68.66252683
45.10024117,-68.66252683
45.10024117,-68.66252683
45.10024117,-68.66252683
45.10024117,-68.66252683
45.10024117,-68.66252683
45.10024117,-68.66252683
45.1002185,-68.662533
45.1002185,-68.662533
45.1002185,-68.662533
45.1002185,-68.662533
45.1002185,-68.662533
45.1002185,-68.662533
45.1002185,-68.662533
45.1002185,-68.662533
45.1002185,-68.662533
45.1002185,-68.662533
45.1002185,-68.662533
45.1002185,-68.662533
45.1002185,-68.662533
45.1002185,-68.662533
45.1002185,-68.662533
45.1002185,-68.662533
45.1002185,-68.662533
45.1002185,-68.662533
45.1002185,-68.662533
45.1002185,-68.662533
45.1002185,-68.662533
45.1002185,-68.662533
45.1002185,-68.662533
45.1002185,-68.662533
45.1002185,-68.662533
45.10019617,-68.6625385
45.10019617,-68.6625385
45.10019617,-68.6625385
45.10019617,-68.6625385
45.10019617,-68.6625385
45.10019617,-68.6625385
45.10019617,-68.6625385
45.10019617,-68.6625385
45.10019617,-68.6625385
45.10019617,-68.6625385
45.10019617,-68.6625385
45.10019617,-68.6625385
45.10019617,-68.6625385
45.10019617,-68.6625385
45.10019617,-68.6625385
45.10019617,-68.6625385
45.10019617,-68.6625385
45.10019617,-68.6625385
45.10019617,-68.6625385
45.10019617,-68.6625385
45.10019617,-68.6625385
45.10019617,-68.6625385
45.10019617,-68.6625385
45.10019617,-68.6625385
45.10019617,-68.6625385
45.10016283,-68.66254717
45.10016283,-68.66254717
45.10016283,-68.66254717
45.10016283,-68.66254717
45.10016283,-68.66254717
45.10016283,-68.66254717
45.10016283,-68.66254717
45.10016283,-68.66254717
45.10016283,-68.66254717
45.10016283,-68.66254717
45.10016283,-68.66254717
45.10016283,-68.66254717
45.10016283,-68.66254717
45.10016283,-68.66254717
45.10016283,-68.66254717
45.10016283,-68.66254717
45.10016283,-68.66254717
45.10016283,-68.66254717
45.10016283,-68.66254717
45.10016283,-68.66254717
45.10016283,-68.66254717
45.10016283,-68.66254717
45.10016283,-68.66254717
45.10016283,-68.66254717
45.10016283,-68.66254717
45.10014017,-68.66255317
45.10014017,-68.66255317
45.10014017,-68.66255317
45.10014017,-68.66255317
45.10014017,-68.66255317
45.10014017,-68.66255317
45.10014017,-68.66255317
45.10014017,-68.66255317
45.10014017,-68.66255317
45.10014017,-68.66255317
45.10014017,-68.66255317
45.10014017,-68.66255317
45.10014017,-68.66255317
45.10014017,-68.66255317
45.10014017,-68.66255317
45.10014017,-68.66255317
45.10014017,-68.66255317
45.10014017,-68.66255317
45.10014017,-68.66255317
45.10014017,-68.66255317
45.10014017,-68.66255317
45.10014017,-68.66255317
45.10014017,-68.66255317
45.10014017,-68.66255317
45.10014017,-68.66255317
45.10010517,-68.6625625
45.10010517,-68.6625625
45.10010517,-68.6625625
45.10010517,-68.6625625
45.10010517,-68.6625625
45.10010517,-68.6625625
45.10010517,-68.6625625
45.10010517,-68.6625625
45.10010517,-68.6625625
45.10010517,-68.6625625
45.10010517,-68.6625625
45.10010517,-68.6625625
45.10010517,-68.6625625
45.10010517,-68.6625625
45.10010517,-68.6625625
45.10010517,-68.6625625
45.10010517,-68.6625625
45.10010517,-68.6625625
45.10010517,-68.6625625
45.10010517,-68.6625625
45.10010517,-68.6625625
45.10010517,-68.6625625
45.10010517,-68.6625625
45.10010517,-68.6625625
45.10010517,-68.6625625
45.10008133,-68.66256917
45.10008133,-68.66256917
45.10008133,-68.66256917
45.10008133,-68.66256917
45.10008133,-68.66256917
45.10008133,-68.66256917
45.10008133,-68.66256917
45.10008133,-68.66256917
45.10008133,-68.66256917
45.10008133,-68.66256917
45.10008133,-68.66256917
45.10008133,-68.66256917
45.10008133,-68.66256917
45.10008133,-68.66256917
45.10008133,-68.66256917
45.10008133,-68.66256917
45.10008133,-68.66256917
45.10008133,-68.66256917
45.10008133,-68.66256917
45.10008133,-68.66256917
45.10008133,-68.66256917
45.10008133,-68.66256917
45.10008133,-68.66256917
45.10008133,-68.66256917
45.10008133,-68.66256917
45.10005783,-68.6625745
45.10005783,-68.6625745
45.10005783,-68.6625745
45.10005783,-68.6625745
45.10005783,-68.6625745
45.10005783,-68.6625745
45.10005783,-68.6625745
45.10005783,-68.6625745
45.10005783,-68.6625745
45.10005783,-68.6625745
45.10005783,-68.6625745
45.10005783,-68.6625745
45.10005783,-68.6625745
45.10005783,-68.6625745
45.10005783,-68.6625745
45.10005783,-68.6625745
45.10005783,-68.6625745
45.10005783,-68.6625745
45.10005783,-68.6625745
45.10005783,-68.6625745
45.10005783,-68.6625745
45.10005783,-68.6625745
45.10005783,-68.6625745
45.10005783,-68.6625745
45.10005783,-68.6625745
45.10002217,-68.6625775
45.10002217,-68.6625775
45.10002217,-68.6625775
45.10002217,-68.6625775
45.10002217,-68.6625775
45.10002217,-68.6625775
45.10002217,-68.6625775
45.10002217,-68.6625775
45.10002217,-68.6625775
45.10002217,-68.6625775
45.10002217,-68.6625775
45.10002217,-68.6625775
45.10002217,-68.6625775
45.10002217,-68.6625775
45.10002217,-68.6625775
45.10002217,-68.6625775
45.10002217,-68.6625775
45.10002217,-68.6625775
45.10002217,-68.6625775
45.10002217,-68.6625775
45.10002217,-68.6625775
45.10002217,-68.6625775
45.10002217,-68.6625775
45.10002217,-68.6625775
45.10002217,-68.6625775
45.09999583,-68.66257983
45.09999583,-68.66257983
45.09999583,-68.66257983
45.09999583,-68.66257983
45.09999583,-68.66257983
45.09999583,-68.66257983
45.09999583,-68.66257983
45.09999583,-68.66257983
45.09999583,-68.66257983
45.09999583,-68.66257983
45.09999583,-68.66257983
45.09999583,-68.66257983
45.09999583,-68.66257983
45.09999583,-68.66257983
45.09999583,-68.66257983
45.09999583,-68.66257983
45.09999583,-68.66257983
45.09999583,-68.66257983
45.09999583,-68.66257983
45.09999583,-68.66257983
45.09999583,-68.66257983
45.09999583,-68.66257983
45.09999583,-68.66257983
45.09999583,-68.66257983
45.09999583,-68.66257983
45.0999675,-68.66258367
45.0999675,-68.66258367
45.0999675,-68.66258367
45.0999675,-68.66258367
45.0999675,-68.66258367
45.0999675,-68.66258367
45.0999675,-68.66258367
45.0999675,-68.66258367
45.0999675,-68.66258367
45.0999675,-68.66258367
45.0999675,-68.66258367
45.0999675,-68.66258367
45.0999675,-68.66258367
45.0999675,-68.66258367
45.0999675,-68.66258367
45.0999675,-68.66258367
45.0999675,-68.66258367
45.0999675,-68.66258367
45.0999675,-68.66258367
45.0999675,-68.66258367
45.0999675,-68.66258367
45.0999675,-68.66258367
45.0999675,-68.66258367
45.0999675,-68.66258367
45.0999675,-68.66258367
45.099927,-68.66258883
45.099927,-68.66258883
45.099927,-68.66258883
45.099927,-68.66258883
45.099927,-68.66258883
45.099927,-68.66258883
45.099927,-68.66258883
45.099927,-68.66258883
45.099927,-68.66258883
45.099927,-68.66258883
45.099927,-68.66258883
45.099927,-68.66258883
45.099927,-68.66258883
45.099927,-68.66258883
45.099927,-68.66258883
45.099927,-68.66258883
45.099927,-68.66258883
45.099927,-68.66258883
45.099927,-68.66258883
45.099927,-68.66258883
45.099927,-68.66258883
45.099927,-68.66258883
45.099927,-68.66258883
45.099927,-68.66258883
45.099927,-68.66258883
45.09990117,-68.66259033
45.09990117,-68.66259033
45.09990117,-68.66259033
45.09990117,-68.66259033
45.09990117,-68.66259033
45.09990117,-68.66259033
45.09990117,-68.66259033
45.09990117,-68.66259033
45.09990117,-68.66259033
45.09990117,-68.66259033
45.09990117,-68.66259033
45.09990117,-68.66259033
45.09990117,-68.66259033
45.09990117,-68.66259033
45.09990117,-68.66259033
45.09990117,-68.66259033
45.09990117,-68.66259033
45.09990117,-68.66259033
45.09990117,-68.66259033
45.09990117,-68.66259033
45.09990117,-68.66259033
45.09990117,-68.66259033
45.09990117,-68.66259033
45.09990117,-68.66259033
45.09990117,-68.66259033
45.09987717,-68.662588
45.09987717,-68.662588
45.09987717,-68.662588
45.09987717,-68.662588
45.09987717,-68.662588
45.09987717,-68.662588
45.09987717,-68.662588
45.09987717,-68.662588
45.09987717,-68.662588
45.09987717,-68.662588
45.09987717,-68.662588
45.09987717,-68.662588
45.09987717,-68.662588
45.09987717,-68.662588
45.09987717,-68.662588
45.09987717,-68.662588
45.09987717,-68.662588
45.09987717,-68.662588
45.09987717,-68.662588
45.09987717,-68.662588
45.09987717,-68.662588
45.09987717,-68.662588
45.09987717,-68.662588
45.09987717,-68.662588
45.09987717,-68.662588
45.09984,-68.66258617
45.09984,-68.66258617
45.09984,-68.66258617
45.09984,-68.66258617
45.09984,-68.66258617
45.09984,-68.66258617
45.09984,-68.66258617
45.09984,-68.66258617
45.09984,-68.66258617
45.09984,-68.66258617
45.09984,-68.66258617
45.09984,-68.66258617
45.09984,-68.66258617
45.09984,-68.66258617
45.09984,-68.66258617
45.09984,-68.66258617
45.09984,-68.66258617
45.09984,-68.66258617
45.09984,-68.66258617
45.09984,-68.66258617
45.09984,-68.66258617
45.09984,-68.66258617
45.09984,-68.66258617
45.09984,-68.66258617
45.09984,-68.66258617
45.09981333,-68.6625855
45.09981333,-68.6625855
45.09981333,-68.6625855
45.09981333,-68.6625855
45.09981333,-68.6625855
45.09981333,-68.6625855
45.09981333,-68.6625855
45.09981333,-68.6625855
45.09981333,-68.6625855
45.09981333,-68.6625855
45.09981333,-68.6625855
45.09981333,-68.6625855
45.09981333,-68.6625855
45.09981333,-68.6625855
45.09981333,-68.6625855
45.09981333,-68.6625855
45.09981333,-68.6625855
45.09981333,-68.6625855
45.09981333,-68.6625855
45.09981333,-68.6625855
45.09981333,-68.6625855
45.09981333,-68.6625855
45.09981333,-68.6625855
45.09981333,-68.6625855
45.09981333,-68.6625855
45.09978833,-68.66258433
45.09978833,-68.66258433
45.09978833,-68.66258433
45.09978833,-68.66258433
45.09978833,-68.66258433
45.09978833,-68.66258433
45.09978833,-68.66258433
45.09978833,-68.66258433
45.09978833,-68.66258433
45.09978833,-68.66258433
45.09978833,-68.66258433
45.09978833,-68.66258433
45.09978833,-68.66258433
45.09978833,-68.66258433
45.09978833,-68.66258433
45.09978833,-68.66258433
45.09978833,-68.66258433
45.09978833,-68.66258433
45.09978833,-68.66258433
45.09978833,-68.66258433
45.09978833,-68.66258433
45.09978833,-68.66258433
45.09978833,-68.66258433
45.09978833,-68.66258433
45.09978833,-68.66258433
45.09975033,-68.66258333
45.09975033,-68.66258333
45.09975033,-68.66258333
45.09975033,-68.66258333
45.09975033,-68.66258333
45.09975033,-68.66258333
45.09975033,-68.66258333
45.09975033,-68.66258333
45.09975033,-68.66258333
45.09975033,-68.66258333
45.09975033,-68.66258333
45.09975033,-68.66258333
45.09975033,-68.66258333
45.09975033,-68.66258333
45.09975033,-68.66258333
45.09975033,-68.66258333
45.09975033,-68.66258333
45.09975033,-68.66258333
45.09975033,-68.66258333
45.09975033,-68.66258333
45.09975033,-68.66258333
45.09975033,-68.66258333
45.09975033,-68.66258333
45.09975033,-68.66258333
45.09975033,-68.66258333
45.0997245,-68.6625825
45.0997245,-68.6625825
45.0997245,-68.6625825
45.0997245,-68.6625825
45.0997245,-68.6625825
45.0997245,-68.6625825
45.0997245,-68.6625825
45.0997245,-68.6625825
45.0997245,-68.6625825
45.0997245,-68.6625825
45.0997245,-68.6625825
45.0997245,-68.6625825
45.0997245,-68.6625825
45.0997245,-68.6625825
45.0997245,-68.6625825
45.0997245,-68.6625825
45.0997245,-68.6625825
45.0997245,-68.6625825
45.0997245,-68.6625825
45.0997245,-68.6625825
45.0997245,-68.6625825
45.0997245,-68.6625825
45.0997245,-68.6625825
45.0997245,-68.6625825
45.0997245,-68.6625825
45.09968617,-68.66258067
45.09968617,-68.66258067
45.09968617,-68.66258067
45.09968617,-68.66258067
45.09968617,-68.66258067
45.09968617,-68.66258067
45.09968617,-68.66258067
45.09968617,-68.66258067
45.09968617,-68.66258067
45.09968617,-68.66258067
45.09968617,-68.66258067
45.09968617,-68.66258067
45.09968617,-68.66258067
45.09968617,-68.66258067
45.09968617,-68.66258067
45.09968617,-68.66258067
45.09968617,-68.66258067
45.09968617,-68.66258067
45.09968617,-68.66258067
45.09968617,-68.66258067
45.09968617,-68.66258067
45.09968617,-68.66258067
45.09968617,-68.66258067
45.09968617,-68.66258067
45.09968617,-68.66258067
45.09966083,-68.66257833
45.09966083,-68.66257833
45.09966083,-68.66257833
45.09966083,-68.66257833
45.09966083,-68.66257833
45.09966083,-68.66257833
45.09966083,-68.66257833
45.09966083,-68.66257833
45.09966083,-68.66257833
45.09966083,-68.66257833
45.09966083,-68.66257833
45.09966083,-68.66257833
45.09966083,-68.66257833
45.09966083,-68.66257833
45.09966083,-68.66257833
45.09966083,-68.66257833
45.09966083,-68.66257833
45.09966083,-68.66257833
45.09966083,-68.66257833
45.09966083,-68.66257833
45.09966083,-68.66257833
45.09966083,-68.66257833
45.09966083,-68.66257833
45.09966083,-68.66257833
45.09966083,-68.66257833
45.099635,-68.66257667
45.099635,-68.66257667
45.099635,-68.66257667
45.099635,-68.66257667
45.099635,-68.66257667
45.099635,-68.66257667
45.099635,-68.66257667
45.099635,-68.66257667
45.099635,-68.66257667
45.099635,-68.66257667
45.099635,-68.66257667
45.099635,-68.66257667
45.099635,-68.66257667
45.099635,-68.66257667
45.099635,-68.66257667
45.099635,-68.66257667
45.099635,-68.66257667
45.099635,-68.66257667
45.099635,-68.66257667
45.099635,-68.66257667
45.099635,-68.66257667
45.099635,-68.66257667
45.099635,-68.66257667
45.099635,-68.66257667
45.099635,-68.66257667
45.09959783,-68.66257417
45.09959783,-68.66257417
45.09959783,-68.66257417
45.09959783,-68.66257417
45.09959783,-68.66257417
45.09959783,-68.66257417
45.09959783,-68.66257417
45.09959783,-68.66257417
45.09959783,-68.66257417
45.09959783,-68.66257417
45.09959783,-68.66257417
45.09959783,-68.66257417
45.09959783,-68.66257417
45.09959783,-68.66257417
45.09959783,-68.66257417
45.09959783,-68.66257417
45.09959783,-68.66257417
45.09959783,-68.66257417
45.09959783,-68.66257417
45.09959783,-68.66257417
45.09959783,-68.66257417
45.09959783,-68.66257417
45.09959783,-68.66257417
45.09959783,-68.66257417
45.09959783,-68.66257417
45.0995735,-68.66257317
45.0995735,-68.66257317
45.0995735,-68.66257317
45.0995735,-68.66257317
45.0995735,-68.66257317
45.0995735,-68.66257317
45.0995735,-68.66257317
45.0995735,-68.66257317
45.0995735,-68.66257317
45.0995735,-68.66257317
45.0995735,-68.66257317
45.0995735,-68.66257317
45.0995735,-68.66257317
45.0995735,-68.66257317
45.0995735,-68.66257317
45.0995735,-68.66257317
45.0995735,-68.66257317
45.0995735,-68.66257317
45.0995735,-68.66257317
45.0995735,-68.66257317
45.0995735,-68.66257317
45.0995735,-68.66257317
45.0995735,-68.66257317
45.0995735,-68.66257317
45.0995735,-68.66257317
45.09954883,-68.66257117
45.09954883,-68.66257117
45.09954883,-68.66257117
45.09954883,-68.66257117
45.09954883,-68.66257117
45.09954883,-68.66257117
45.09954883,-68.66257117
45.09954883,-68.66257117
45.09954883,-68.66257117
45.09954883,-68.66257117
45.09954883,-68.66257117
45.09954883,-68.66257117
45.09954883,-68.66257117
45.09954883,-68.66257117
45.09954883,-68.66257117
45.09954883,-68.66257117
45.09954883,-68.66257117
45.09954883,-68.66257117
45.09954883,-68.66257117
45.09954883,-68.66257117
45.09954883,-68.66257117
45.09954883,-68.66257117
45.09954883,-68.66257117
45.09954883,-68.66257117
45.09954883,-68.66257117
45.099511,-68.66256817
45.099511,-68.66256817
45.099511,-68.66256817
45.099511,-68.66256817
45.099511,-68.66256817
45.099511,-68.66256817
45.099511,-68.66256817
45.099511,-68.66256817
45.099511,-68.66256817
45.099511,-68.66256817
45.099511,-68.66256817
45.099511,-68.66256817
45.099511,-68.66256817
45.099511,-68.66256817
45.099511,-68.66256817
45.099511,-68.66256817
45.099511,-68.66256817
45.099511,-68.66256817
45.099511,-68.66256817
45.099511,-68.66256817
45.099511,-68.66256817
45.099511,-68.66256817
45.099511,-68.66256817
45.099511,-68.66256817
45.099511,-68.66256817
45.09948533,-68.66256683
45.09948533,-68.66256683
45.09948533,-68.66256683
45.09948533,-68.66256683
45.09948533,-68.66256683
45.09948533,-68.66256683
45.09948533,-68.66256683
45.09948533,-68.66256683
45.09948533,-68.66256683
45.09948533,-68.66256683
45.09948533,-68.66256683
45.09948533,-68.66256683
45.09948533,-68.66256683
45.09948533,-68.66256683
45.09948533,-68.66256683
45.09948533,-68.66256683
45.09948533,-68.66256683
45.09948533,-68.66256683
45.09948533,-68.66256683
45.09948533,-68.66256683
45.09948533,-68.66256683
45.09948533,-68.66256683
45.09948533,-68.66256683
45.09948533,-68.66256683
45.09948533,-68.66256683
45.09945983,-68.66256433
45.09945983,-68.66256433
45.09945983,-68.66256433
45.09945983,-68.66256433
45.09945983,-68.66256433
45.09945983,-68.66256433
45.09945983,-68.66256433
45.09945983,-68.66256433
45.09945983,-68.66256433
45.09945983,-68.66256433
45.09945983,-68.66256433
45.09945983,-68.66256433
45.09945983,-68.66256433
45.09945983,-68.66256433
45.09945983,-68.66256433
45.09945983,-68.66256433
45.09945983,-68.66256433
45.09945983,-68.66256433
45.09945983,-68.66256433
45.09945983,-68.66256433
45.09945983,-68.66256433
45.09945983,-68.66256433
45.09945983,-68.66256433
45.09945983,-68.66256433
45.09945983,-68.66256433
45.0994225,-68.662558
45.0994225,-68.662558
45.0994225,-68.662558
45.0994225,-68.662558
45.0994225,-68.662558
45.0994225,-68.662558
45.0994225,-68.662558
45.0994225,-68.662558
45.0994225,-68.662558
45.0994225,-68.662558
45.0994225,-68.662558
45.0994225,-68.662558
45.0994225,-68.662558
45.0994225,-68.662558
45.0994225,-68.662558
45.0994225,-68.662558
45.0994225,-68.662558
45.0994225,-68.662558
45.0994225,-68.662558
45.0994225,-68.662558
45.0994225,-68.662558
45.0994225,-68.662558
45.0994225,-68.662558
45.0994225,-68.662558
45.0994225,-68.662558
45.09939783,-68.66255267
45.09939783,-68.66255267
45.09939783,-68.66255267
45.09939783,-68.66255267
45.09939783,-68.66255267
45.09939783,-68.66255267
45.09939783,-68.66255267
45.09939783,-68.66255267
45.09939783,-68.66255267
45.09939783,-68.66255267
45.09939783,-68.66255267
45.09939783,-68.66255267
45.09939783,-68.66255267
45.09939783,-68.66255267
45.09939783,-68.66255267
45.09939783,-68.66255267
45.09939783,-68.66255267
45.09939783,-68.66255267
45.09939783,-68.66255267
45.09939783,-68.66255267
45.09939783,-68.66255267
45.09939783,-68.66255267
45.09939783,-68.66255267
45.09939783,-68.66255267
45.09939783,-68.66255267
45.09936283,-68.66254533
45.09936283,-68.66254533
45.09936283,-68.66254533
45.09936283,-68.66254533
45.09936283,-68.66254533
45.09936283,-68.66254533
45.09936283,-68.66254533
45.09936283,-68.66254533
45.09936283,-68.66254533
45.09936283,-68.66254533
45.09936283,-68.66254533
45.09936283,-68.66254533
45.09936283,-68.66254533
45.09936283,-68.66254533
45.09936283,-68.66254533
45.09936283,-68.66254533
45.09936283,-68.66254533
45.09936283,-68.66254533
45.09936283,-68.66254533
45.09936283,-68.66254533
45.09936283,-68.66254533
45.09936283,-68.66254533
45.09936283,-68.66254533
45.09936283,-68.66254533
45.09936283,-68.66254533
45.09934117,-68.66253883
45.09934117,-68.66253883
45.09934117,-68.66253883
45.09934117,-68.66253883
45.09934117,-68.66253883
45.09934117,-68.66253883
45.09934117,-68.66253883
45.09934117,-68.66253883
45.09934117,-68.66253883
45.09934117,-68.66253883
45.09934117,-68.66253883
45.09934117,-68.66253883
45.09934117,-68.66253883
45.09934117,-68.66253883
45.09934117,-68.66253883
45.09934117,-68.66253883
45.09934117,-68.66253883
45.09934117,-68.66253883
45.09934117,-68.66253883
45.09934117,-68.66253883
45.09934117,-68.66253883
45.09934117,-68.66253883
45.09934117,-68.66253883
45.09934117,-68.66253883
45.09934117,-68.66253883
45.09931983,-68.66253133
45.09931983,-68.66253133
45.09931983,-68.66253133
45.09931983,-68.66253133
45.09931983,-68.66253133
45.09931983,-68.66253133
45.09931983,-68.66253133
45.09931983,-68.66253133
45.09931983,-68.66253133
45.09931983,-68.66253133
45.09931983,-68.66253133
45.09931983,-68.66253133
45.09931983,-68.66253133
45.09931983,-68.66253133
45.09931983,-68.66253133
45.09931983,-68.66253133
45.09931983,-68.66253133
45.09931983,-68.66253133
45.09931983,-68.66253133
45.09931983,-68.66253133
45.09931983,-68.66253133
45.09931983,-68.66253133
45.09931983,-68.66253133
45.09931983,-68.66253133
45.09931983,-68.66253133
45.099286,-68.66252383
45.099286,-68.66252383
45.099286,-68.66252383
45.099286,-68.66252383
45.099286,-68.66252383
45.099286,-68.66252383
45.099286,-68.66252383
45.099286,-68.66252383
45.099286,-68.66252383
45.099286,-68.66252383
45.099286,-68.66252383
45.099286,-68.66252383
45.099286,-68.66252383
45.099286,-68.66252383
45.099286,-68.66252383
45.099286,-68.66252383
45.099286,-68.66252383
45.099286,-68.66252383
45.099286,-68.66252383
45.099286,-68.66252383
45.099286,-68.66252383
45.099286,-68.66252383
45.099286,-68.66252383
45.099286,-68.66252383
45.099286,-68.66252383
45.09926317,-68.6625205
45.09926317,-68.6625205
45.09926317,-68.6625205
45.09926317,-68.6625205
45.09926317,-68.6625205
45.09926317,-68.6625205
45.09926317,-68.6625205
45.09926317,-68.6625205
45.09926317,-68.6625205
45.09926317,-68.6625205
45.09926317,-68.6625205
45.09926317,-68.6625205
45.09926317,-68.6625205
45.09926317,-68.6625205
45.09926317,-68.6625205
45.09926317,-68.6625205
45.09926317,-68.6625205
45.09926317,-68.6625205
45.09926317,-68.6625205
45.09926317,-68.6625205
45.09926317,-68.6625205
45.09926317,-68.6625205
45.09926317,-68.6625205
45.09926317,-68.6625205
45.09926317,-68.6625205
45.09924083,-68.6625165
45.09924083,-68.6625165
45.09924083,-68.6625165
45.09924083,-68.6625165
45.09924083,-68.6625165
45.09924083,-68.6625165
45.09924083,-68.6625165
45.09924083,-68.6625165
45.09924083,-68.6625165
45.09924083,-68.6625165
45.09924083,-68.6625165
45.09924083,-68.6625165
45.09924083,-68.6625165
45.09924083,-68.6625165
45.09924083,-68.6625165
45.09924083,-68.6625165
45.09924083,-68.6625165
45.09924083,-68.6625165
45.09924083,-68.6625165
45.09924083,-68.6625165
45.09924083,-68.6625165
45.09924083,-68.6625165
45.09924083,-68.6625165
45.09924083,-68.6625165
45.09924083,-68.6625165
45.09920767,-68.6625075
45.09920767,-68.6625075
45.09920767,-68.6625075
45.09920767,-68.6625075
45.09920767,-68.6625075
45.09920767,-68.6625075
45.09920767,-68.6625075
45.09920767,-68.6625075
45.09920767,-68.6625075
45.09920767,-68.6625075
45.09920767,-68.6625075
45.09920767,-68.6625075
45.09920767,-68.6625075
45.09920767,-68.6625075
45.09920767,-68.6625075
45.09920767,-68.6625075
45.09920767,-68.6625075
45.09920767,-68.6625075
45.09920767,-68.6625075
45.09920767,-68.6625075
45.09920767,-68.6625075
45.09920767,-68.6625075
45.09920767,-68.6625075
45.09920767,-68.6625075
45.09920767,-68.6625075
45.0991875,-68.66250167
45.0991875,-68.66250167
45.0991875,-68.66250167
45.0991875,-68.66250167
45.0991875,-68.66250167
45.0991875,-68.66250167
45.0991875,-68.66250167
45.0991875,-68.66250167
45.0991875,-68.66250167
45.0991875,-68.66250167
45.0991875,-68.66250167
45.0991875,-68.66250167
45.0991875,-68.66250167
45.0991875,-68.66250167
45.0991875,-68.66250167
45.0991875,-68.66250167
45.0991875,-68.66250167
45.0991875,-68.66250167
45.0991875,-68.66250167
45.0991875,-68.66250167
45.0991875,-68.66250167
45.0991875,-68.66250167
45.0991875,-68.66250167
45.0991875,-68.66250167
45.0991875,-68.66250167
