Var1,Var2
45.1018995,-68.66339583
45.1018995,-68.66339583
45.1018995,-68.66339583
45.1018995,-68.66339583
45.1018995,-68.66339583
45.1018995,-68.66339583
45.1018995,-68.66339583
45.1018995,-68.66339583
45.1018995,-68.66339583
45.1018995,-68.66339583
45.1018995,-68.66339583
45.1018995,-68.66339583
45.1018995,-68.66339583
45.1018995,-68.66339583
45.1018995,-68.66339583
45.1018995,-68.66339583
45.1018995,-68.66339583
45.1018995,-68.66339583
45.1018995,-68.66339583
45.1018995,-68.66339583
45.1018995,-68.66339583
45.1018995,-68.66339583
45.1018995,-68.66339583
45.1018995,-68.66339583
45.1018995,-68.66339583
45.10188567,-68.66341117
45.10188567,-68.66341117
45.10188567,-68.66341117
45.10188567,-68.66341117
45.10188567,-68.66341117
45.10188567,-68.66341117
45.10188567,-68.66341117
45.10188567,-68.66341117
45.10188567,-68.66341117
45.10188567,-68.66341117
45.10188567,-68.66341117
45.10188567,-68.66341117
45.10188567,-68.66341117
45.10188567,-68.66341117
45.10188567,-68.66341117
45.10188567,-68.66341117
45.10188567,-68.66341117
45.10188567,-68.66341117
45.10188567,-68.66341117
45.10188567,-68.66341117
45.10188567,-68.66341117
45.10188567,-68.66341117
45.10188567,-68.66341117
45.10188567,-68.66341117
45.10188567,-68.66341117
45.10187717,-68.66342167
45.10187717,-68.66342167
45.10187717,-68.66342167
45.10187717,-68.66342167
45.10187717,-68.66342167
45.10187717,-68.66342167
45.10187717,-68.66342167
45.10187717,-68.66342167
45.10187717,-68.66342167
45.10187717,-68.66342167
45.10187717,-68.66342167
45.10187717,-68.66342167
45.10187717,-68.66342167
45.10187717,-68.66342167
45.10187717,-68.66342167
45.10187717,-68.66342167
45.10187717,-68.66342167
45.10187717,-68.66342167
45.10187717,-68.66342167
45.10187717,-68.66342167
45.10187717,-68.66342167
45.10187717,-68.66342167
45.10187717,-68.66342167
45.10187717,-68.66342167
45.10187717,-68.66342167
45.101869,-68.66343083
45.101869,-68.66343083
45.101869,-68.66343083
45.101869,-68.66343083
45.101869,-68.66343083
45.101869,-68.66343083
45.101869,-68.66343083
45.101869,-68.66343083
45.101869,-68.66343083
45.101869,-68.66343083
45.101869,-68.66343083
45.101869,-68.66343083
45.101869,-68.66343083
45.101869,-68.66343083
45.101869,-68.66343083
45.101869,-68.66343083
45.101869,-68.66343083
45.101869,-68.66343083
45.101869,-68.66343083
45.101869,-68.66343083
45.101869,-68.66343083
45.101869,-68.66343083
45.101869,-68.66343083
45.101869,-68.66343083
45.101869,-68.66343083
45.101858,-68.66344067
45.101858,-68.66344067
45.101858,-68.66344067
45.101858,-68.66344067
45.101858,-68.66344067
45.101858,-68.66344067
45.101858,-68.66344067
45.101858,-68.66344067
45.101858,-68.66344067
45.101858,-68.66344067
45.101858,-68.66344067
45.101858,-68.66344067
45.101858,-68.66344067
45.101858,-68.66344067
45.101858,-68.66344067
45.101858,-68.66344067
45.101858,-68.66344067
45.101858,-68.66344067
45.101858,-68.66344067
45.101858,-68.66344067
45.101858,-68.66344067
45.101858,-68.66344067
45.101858,-68.66344067
45.101858,-68.66344067
45.101858,-68.66344067
45.10185117,-68.66344717
45.10185117,-68.66344717
45.10185117,-68.66344717
45.10185117,-68.66344717
45.10185117,-68.66344717
45.10185117,-68.66344717
45.10185117,-68.66344717
45.10185117,-68.66344717
45.10185117,-68.66344717
45.10185117,-68.66344717
45.10185117,-68.66344717
45.10185117,-68.66344717
45.10185117,-68.66344717
45.10185117,-68.66344717
45.10185117,-68.66344717
45.10185117,-68.66344717
45.10185117,-68.66344717
45.10185117,-68.66344717
45.10185117,-68.66344717
45.10185117,-68.66344717
45.10185117,-68.66344717
45.10185117,-68.66344717
45.10185117,-68.66344717
45.10185117,-68.66344717
45.10185117,-68.66344717
45.1018445,-68.66345167
45.1018445,-68.66345167
45.1018445,-68.66345167
45.1018445,-68.66345167
45.1018445,-68.66345167
45.1018445,-68.66345167
45.1018445,-68.66345167
45.1018445,-68.66345167
45.1018445,-68.66345167
45.1018445,-68.66345167
45.1018445,-68.66345167
45.1018445,-68.66345167
45.1018445,-68.66345167
45.1018445,-68.66345167
45.1018445,-68.66345167
45.1018445,-68.66345167
45.1018445,-68.66345167
45.1018445,-68.66345167
45.1018445,-68.66345167
45.1018445,-68.66345167
45.1018445,-68.66345167
45.1018445,-68.66345167
45.1018445,-68.66345167
45.1018445,-68.66345167
45.1018445,-68.66345167
45.10183467,-68.66345767
45.10183467,-68.66345767
45.10183467,-68.66345767
45.10183467,-68.66345767
45.10183467,-68.66345767
45.10183467,-68.66345767
45.10183467,-68.66345767
45.10183467,-68.66345767
45.10183467,-68.66345767
45.10183467,-68.66345767
45.10183467,-68.66345767
45.10183467,-68.66345767
45.10183467,-68.66345767
45.10183467,-68.66345767
45.10183467,-68.66345767
45.10183467,-68.66345767
45.10183467,-68.66345767
45.10183467,-68.66345767
45.10183467,-68.66345767
45.10183467,-68.66345767
45.10183467,-68.66345767
45.10183467,-68.66345767
45.10183467,-68.66345767
45.10183467,-68.66345767
45.10183467,-68.66345767
45.10182817,-68.6634595
45.10182817,-68.6634595
45.10182817,-68.6634595
45.10182817,-68.6634595
45.10182817,-68.6634595
45.10182817,-68.6634595
45.10182817,-68.6634595
45.10182817,-68.6634595
45.10182817,-68.6634595
45.10182817,-68.6634595
45.10182817,-68.6634595
45.10182817,-68.6634595
45.10182817,-68.6634595
45.10182817,-68.6634595
45.10182817,-68.6634595
45.10182817,-68.6634595
45.10182817,-68.6634595
45.10182817,-68.6634595
45.10182817,-68.6634595
45.10182817,-68.6634595
45.10182817,-68.6634595
45.10182817,-68.6634595
45.10182817,-68.6634595
45.10182817,-68.6634595
45.10182817,-68.6634595
45.10182083,-68.66345933
45.10182083,-68.66345933
45.10182083,-68.66345933
45.10182083,-68.66345933
45.10182083,-68.66345933
45.10182083,-68.66345933
45.10182083,-68.66345933
45.10182083,-68.66345933
45.10182083,-68.66345933
45.10182083,-68.66345933
45.10182083,-68.66345933
45.10182083,-68.66345933
45.10182083,-68.66345933
45.10182083,-68.66345933
45.10182083,-68.66345933
45.10182083,-68.66345933
45.10182083,-68.66345933
45.10182083,-68.66345933
45.10182083,-68.66345933
45.10182083,-68.66345933
45.10182083,-68.66345933
45.10182083,-68.66345933
45.10182083,-68.66345933
45.10182083,-68.66345933
45.10182083,-68.66345933
45.10180867,-68.66345267
45.10180867,-68.66345267
45.10180867,-68.66345267
45.10180867,-68.66345267
45.10180867,-68.66345267
45.10180867,-68.66345267
45.10180867,-68.66345267
45.10180867,-68.66345267
45.10180867,-68.66345267
45.10180867,-68.66345267
45.10180867,-68.66345267
45.10180867,-68.66345267
45.10180867,-68.66345267
45.10180867,-68.66345267
45.10180867,-68.66345267
45.10180867,-68.66345267
45.10180867,-68.66345267
45.10180867,-68.66345267
45.10180867,-68.66345267
45.10180867,-68.66345267
45.10180867,-68.66345267
45.10180867,-68.66345267
45.10180867,-68.66345267
45.10180867,-68.66345267
45.10180867,-68.66345267
45.101799,-68.6634445
45.101799,-68.6634445
45.101799,-68.6634445
45.101799,-68.6634445
45.101799,-68.6634445
45.101799,-68.6634445
45.101799,-68.6634445
45.101799,-68.6634445
45.101799,-68.6634445
45.101799,-68.6634445
45.101799,-68.6634445
45.101799,-68.6634445
45.101799,-68.6634445
45.101799,-68.6634445
45.101799,-68.6634445
45.101799,-68.6634445
45.101799,-68.6634445
45.101799,-68.6634445
45.101799,-68.6634445
45.101799,-68.6634445
45.101799,-68.6634445
45.101799,-68.6634445
45.101799,-68.6634445
45.101799,-68.6634445
45.101799,-68.6634445
45.1017835,-68.66342533
45.1017835,-68.66342533
45.1017835,-68.66342533
45.1017835,-68.66342533
45.1017835,-68.66342533
45.1017835,-68.66342533
45.1017835,-68.66342533
45.1017835,-68.66342533
45.1017835,-68.66342533
45.1017835,-68.66342533
45.1017835,-68.66342533
45.1017835,-68.66342533
45.1017835,-68.66342533
45.1017835,-68.66342533
45.1017835,-68.66342533
45.1017835,-68.66342533
45.1017835,-68.66342533
45.1017835,-68.66342533
45.1017835,-68.66342533
45.1017835,-68.66342533
45.1017835,-68.66342533
45.1017835,-68.66342533
45.1017835,-68.66342533
45.1017835,-68.66342533
45.1017835,-68.66342533
45.10177267,-68.66340883
45.10177267,-68.66340883
45.10177267,-68.66340883
45.10177267,-68.66340883
45.10177267,-68.66340883
45.10177267,-68.66340883
45.10177267,-68.66340883
45.10177267,-68.66340883
45.10177267,-68.66340883
45.10177267,-68.66340883
45.10177267,-68.66340883
45.10177267,-68.66340883
45.10177267,-68.66340883
45.10177267,-68.66340883
45.10177267,-68.66340883
45.10177267,-68.66340883
45.10177267,-68.66340883
45.10177267,-68.66340883
45.10177267,-68.66340883
45.10177267,-68.66340883
45.10177267,-68.66340883
45.10177267,-68.66340883
45.10177267,-68.66340883
45.10177267,-68.66340883
45.10177267,-68.66340883
45.10176083,-68.66339033
45.10176083,-68.66339033
45.10176083,-68.66339033
45.10176083,-68.66339033
45.10176083,-68.66339033
45.10176083,-68.66339033
45.10176083,-68.66339033
45.10176083,-68.66339033
45.10176083,-68.66339033
45.10176083,-68.66339033
45.10176083,-68.66339033
45.10176083,-68.66339033
45.10176083,-68.66339033
45.10176083,-68.66339033
45.10176083,-68.66339033
45.10176083,-68.66339033
45.10176083,-68.66339033
45.10176083,-68.66339033
45.10176083,-68.66339033
45.10176083,-68.66339033
45.10176083,-68.66339033
45.10176083,-68.66339033
45.10176083,-68.66339033
45.10176083,-68.66339033
45.10176083,-68.66339033
45.10174217,-68.66336233
45.10174217,-68.66336233
45.10174217,-68.66336233
45.10174217,-68.66336233
45.10174217,-68.66336233
45.10174217,-68.66336233
45.10174217,-68.66336233
45.10174217,-68.66336233
45.10174217,-68.66336233
45.10174217,-68.66336233
45.10174217,-68.66336233
45.10174217,-68.66336233
45.10174217,-68.66336233
45.10174217,-68.66336233
45.10174217,-68.66336233
45.10174217,-68.66336233
45.10174217,-68.66336233
45.10174217,-68.66336233
45.10174217,-68.66336233
45.10174217,-68.66336233
45.10174217,-68.66336233
45.10174217,-68.66336233
45.10174217,-68.66336233
45.10174217,-68.66336233
45.10174217,-68.66336233
45.1017295,-68.6633425
45.1017295,-68.6633425
45.1017295,-68.6633425
45.1017295,-68.6633425
45.1017295,-68.6633425
45.1017295,-68.6633425
45.1017295,-68.6633425
45.1017295,-68.6633425
45.1017295,-68.6633425
45.1017295,-68.6633425
45.1017295,-68.6633425
45.1017295,-68.6633425
45.1017295,-68.6633425
45.1017295,-68.6633425
45.1017295,-68.6633425
45.1017295,-68.6633425
45.1017295,-68.6633425
45.1017295,-68.6633425
45.1017295,-68.6633425
45.1017295,-68.6633425
45.1017295,-68.6633425
45.1017295,-68.6633425
45.1017295,-68.6633425
45.1017295,-68.6633425
45.1017295,-68.6633425
45.10171717,-68.6633235
45.10171717,-68.6633235
45.10171717,-68.6633235
45.10171717,-68.6633235
45.10171717,-68.6633235
45.10171717,-68.6633235
45.10171717,-68.6633235
45.10171717,-68.6633235
45.10171717,-68.6633235
45.10171717,-68.6633235
45.10171717,-68.6633235
45.10171717,-68.6633235
45.10171717,-68.6633235
45.10171717,-68.6633235
45.10171717,-68.6633235
45.10171717,-68.6633235
45.10171717,-68.6633235
45.10171717,-68.6633235
45.10171717,-68.6633235
45.10171717,-68.6633235
45.10171717,-68.6633235
45.10171717,-68.6633235
45.10171717,-68.6633235
45.10171717,-68.6633235
45.10171717,-68.6633235
45.10169967,-68.66329617
45.10169967,-68.66329617
45.10169967,-68.66329617
45.10169967,-68.66329617
45.10169967,-68.66329617
45.10169967,-68.66329617
45.10169967,-68.66329617
45.10169967,-68.66329617
45.10169967,-68.66329617
45.10169967,-68.66329617
45.10169967,-68.66329617
45.10169967,-68.66329617
45.10169967,-68.66329617
45.10169967,-68.66329617
45.10169967,-68.66329617
45.10169967,-68.66329617
45.10169967,-68.66329617
45.10169967,-68.66329617
45.10169967,-68.66329617
45.10169967,-68.66329617
45.10169967,-68.66329617
45.10169967,-68.66329617
45.10169967,-68.66329617
45.10169967,-68.66329617
45.10169967,-68.66329617
45.10168817,-68.66327983
45.10168817,-68.66327983
45.10168817,-68.66327983
45.10168817,-68.66327983
45.10168817,-68.66327983
45.10168817,-68.66327983
45.10168817,-68.66327983
45.10168817,-68.66327983
45.10168817,-68.66327983
45.10168817,-68.66327983
45.10168817,-68.66327983
45.10168817,-68.66327983
45.10168817,-68.66327983
45.10168817,-68.66327983
45.10168817,-68.66327983
45.10168817,-68.66327983
45.10168817,-68.66327983
45.10168817,-68.66327983
45.10168817,-68.66327983
45.10168817,-68.66327983
45.10168817,-68.66327983
45.10168817,-68.66327983
45.10168817,-68.66327983
45.10168817,-68.66327983
45.10168817,-68.66327983
45.10167733,-68.6632645
45.10167733,-68.6632645
45.10167733,-68.6632645
45.10167733,-68.6632645
45.10167733,-68.6632645
45.10167733,-68.6632645
45.10167733,-68.6632645
45.10167733,-68.6632645
45.10167733,-68.6632645
45.10167733,-68.6632645
45.10167733,-68.6632645
45.10167733,-68.6632645
45.10167733,-68.6632645
45.10167733,-68.6632645
45.10167733,-68.6632645
45.10167733,-68.6632645
45.10167733,-68.6632645
45.10167733,-68.6632645
45.10167733,-68.6632645
45.10167733,-68.6632645
45.10167733,-68.6632645
45.10167733,-68.6632645
45.10167733,-68.6632645
45.10167733,-68.6632645
45.10167733,-68.6632645
45.10165983,-68.66324017
45.10165983,-68.66324017
45.10165983,-68.66324017
45.10165983,-68.66324017
45.10165983,-68.66324017
45.10165983,-68.66324017
45.10165983,-68.66324017
45.10165983,-68.66324017
45.10165983,-68.66324017
45.10165983,-68.66324017
45.10165983,-68.66324017
45.10165983,-68.66324017
45.10165983,-68.66324017
45.10165983,-68.66324017
45.10165983,-68.66324017
45.10165983,-68.66324017
45.10165983,-68.66324017
45.10165983,-68.66324017
45.10165983,-68.66324017
45.10165983,-68.66324017
45.10165983,-68.66324017
45.10165983,-68.66324017
45.10165983,-68.66324017
45.10165983,-68.66324017
45.10165983,-68.66324017
45.10164833,-68.66322283
45.10164833,-68.66322283
45.10164833,-68.66322283
45.10164833,-68.66322283
45.10164833,-68.66322283
45.10164833,-68.66322283
45.10164833,-68.66322283
45.10164833,-68.66322283
45.10164833,-68.66322283
45.10164833,-68.66322283
45.10164833,-68.66322283
45.10164833,-68.66322283
45.10164833,-68.66322283
45.10164833,-68.66322283
45.10164833,-68.66322283
45.10164833,-68.66322283
45.10164833,-68.66322283
45.10164833,-68.66322283
45.10164833,-68.66322283
45.10164833,-68.66322283
45.10164833,-68.66322283
45.10164833,-68.66322283
45.10164833,-68.66322283
45.10164833,-68.66322283
45.10164833,-68.66322283
45.101631,-68.66319283
45.101631,-68.66319283
45.101631,-68.66319283
45.101631,-68.66319283
45.101631,-68.66319283
45.101631,-68.66319283
45.101631,-68.66319283
45.101631,-68.66319283
45.101631,-68.66319283
45.101631,-68.66319283
45.101631,-68.66319283
45.101631,-68.66319283
45.101631,-68.66319283
45.101631,-68.66319283
45.101631,-68.66319283
45.101631,-68.66319283
45.101631,-68.66319283
45.101631,-68.66319283
45.101631,-68.66319283
45.101631,-68.66319283
45.101631,-68.66319283
45.101631,-68.66319283
45.101631,-68.66319283
45.101631,-68.66319283
45.101631,-68.66319283
45.10161983,-68.66317083
45.10161983,-68.66317083
45.10161983,-68.66317083
45.10161983,-68.66317083
45.10161983,-68.66317083
45.10161983,-68.66317083
45.10161983,-68.66317083
45.10161983,-68.66317083
45.10161983,-68.66317083
45.10161983,-68.66317083
45.10161983,-68.66317083
45.10161983,-68.66317083
45.10161983,-68.66317083
45.10161983,-68.66317083
45.10161983,-68.66317083
45.10161983,-68.66317083
45.10161983,-68.66317083
45.10161983,-68.66317083
45.10161983,-68.66317083
45.10161983,-68.66317083
45.10161983,-68.66317083
45.10161983,-68.66317083
45.10161983,-68.66317083
45.10161983,-68.66317083
45.10161983,-68.66317083
45.10160833,-68.66314867
45.10160833,-68.66314867
45.10160833,-68.66314867
45.10160833,-68.66314867
45.10160833,-68.66314867
45.10160833,-68.66314867
45.10160833,-68.66314867
45.10160833,-68.66314867
45.10160833,-68.66314867
45.10160833,-68.66314867
45.10160833,-68.66314867
45.10160833,-68.66314867
45.10160833,-68.66314867
45.10160833,-68.66314867
45.10160833,-68.66314867
45.10160833,-68.66314867
45.10160833,-68.66314867
45.10160833,-68.66314867
45.10160833,-68.66314867
45.10160833,-68.66314867
45.10160833,-68.66314867
45.10160833,-68.66314867
45.10160833,-68.66314867
45.10160833,-68.66314867
45.10160833,-68.66314867
45.10159167,-68.66311483
45.10159167,-68.66311483
45.10159167,-68.66311483
45.10159167,-68.66311483
45.10159167,-68.66311483
45.10159167,-68.66311483
45.10159167,-68.66311483
45.10159167,-68.66311483
45.10159167,-68.66311483
45.10159167,-68.66311483
45.10159167,-68.66311483
45.10159167,-68.66311483
45.10159167,-68.66311483
45.10159167,-68.66311483
45.10159167,-68.66311483
45.10159167,-68.66311483
45.10159167,-68.66311483
45.10159167,-68.66311483
45.10159167,-68.66311483
45.10159167,-68.66311483
45.10159167,-68.66311483
45.10159167,-68.66311483
45.10159167,-68.66311483
45.10159167,-68.66311483
45.10159167,-68.66311483
45.1015805,-68.663091
45.1015805,-68.663091
45.1015805,-68.663091
45.1015805,-68.663091
45.1015805,-68.663091
45.1015805,-68.663091
45.1015805,-68.663091
45.1015805,-68.663091
45.1015805,-68.663091
45.1015805,-68.663091
45.1015805,-68.663091
45.1015805,-68.663091
45.1015805,-68.663091
45.1015805,-68.663091
45.1015805,-68.663091
45.1015805,-68.663091
45.1015805,-68.663091
45.1015805,-68.663091
45.1015805,-68.663091
45.1015805,-68.663091
45.1015805,-68.663091
45.1015805,-68.663091
45.1015805,-68.663091
45.1015805,-68.663091
45.1015805,-68.663091
45.10157033,-68.66306717
45.10157033,-68.66306717
45.10157033,-68.66306717
45.10157033,-68.66306717
45.10157033,-68.66306717
45.10157033,-68.66306717
45.10157033,-68.66306717
45.10157033,-68.66306717
45.10157033,-68.66306717
45.10157033,-68.66306717
45.10157033,-68.66306717
45.10157033,-68.66306717
45.10157033,-68.66306717
45.10157033,-68.66306717
45.10157033,-68.66306717
45.10157033,-68.66306717
45.10157033,-68.66306717
45.10157033,-68.66306717
45.10157033,-68.66306717
45.10157033,-68.66306717
45.10157033,-68.66306717
45.10157033,-68.66306717
45.10157033,-68.66306717
45.10157033,-68.66306717
45.10157033,-68.66306717
45.10155567,-68.6630315
45.10155567,-68.6630315
45.10155567,-68.6630315
45.10155567,-68.6630315
45.10155567,-68.6630315
45.10155567,-68.6630315
45.10155567,-68.6630315
45.10155567,-68.6630315
45.10155567,-68.6630315
45.10155567,-68.6630315
45.10155567,-68.6630315
45.10155567,-68.6630315
45.10155567,-68.6630315
45.10155567,-68.6630315
45.10155567,-68.6630315
45.10155567,-68.6630315
45.10155567,-68.6630315
45.10155567,-68.6630315
45.10155567,-68.6630315
45.10155567,-68.6630315
45.10155567,-68.6630315
45.10155567,-68.6630315
45.10155567,-68.6630315
45.10155567,-68.6630315
45.10155567,-68.6630315
45.1015455,-68.663007
45.1015455,-68.663007
45.1015455,-68.663007
45.1015455,-68.663007
45.1015455,-68.663007
45.1015455,-68.663007
45.1015455,-68.663007
45.1015455,-68.663007
45.1015455,-68.663007
45.1015455,-68.663007
45.1015455,-68.663007
45.1015455,-68.663007
45.1015455,-68.663007
45.1015455,-68.663007
45.1015455,-68.663007
45.1015455,-68.663007
45.1015455,-68.663007
45.1015455,-68.663007
45.1015455,-68.663007
45.1015455,-68.663007
45.1015455,-68.663007
45.1015455,-68.663007
45.1015455,-68.663007
45.1015455,-68.663007
45.1015455,-68.663007
45.10153533,-68.66298317
45.10153533,-68.66298317
45.10153533,-68.66298317
45.10153533,-68.66298317
45.10153533,-68.66298317
45.10153533,-68.66298317
45.10153533,-68.66298317
45.10153533,-68.66298317
45.10153533,-68.66298317
45.10153533,-68.66298317
45.10153533,-68.66298317
45.10153533,-68.66298317
45.10153533,-68.66298317
45.10153533,-68.66298317
45.10153533,-68.66298317
45.10153533,-68.66298317
45.10153533,-68.66298317
45.10153533,-68.66298317
45.10153533,-68.66298317
45.10153533,-68.66298317
45.10153533,-68.66298317
45.10153533,-68.66298317
45.10153533,-68.66298317
45.10153533,-68.66298317
45.10153533,-68.66298317
45.10151967,-68.66294733
45.10151967,-68.66294733
45.10151967,-68.66294733
45.10151967,-68.66294733
45.10151967,-68.66294733
45.10151967,-68.66294733
45.10151967,-68.66294733
45.10151967,-68.66294733
45.10151967,-68.66294733
45.10151967,-68.66294733
45.10151967,-68.66294733
45.10151967,-68.66294733
45.10151967,-68.66294733
45.10151967,-68.66294733
45.10151967,-68.66294733
45.10151967,-68.66294733
45.10151967,-68.66294733
45.10151967,-68.66294733
45.10151967,-68.66294733
45.10151967,-68.66294733
45.10151967,-68.66294733
45.10151967,-68.66294733
45.10151967,-68.66294733
45.10151967,-68.66294733
45.10151967,-68.66294733
45.10150933,-68.66292367
45.10150933,-68.66292367
45.10150933,-68.66292367
45.10150933,-68.66292367
45.10150933,-68.66292367
45.10150933,-68.66292367
45.10150933,-68.66292367
45.10150933,-68.66292367
45.10150933,-68.66292367
45.10150933,-68.66292367
45.10150933,-68.66292367
45.10150933,-68.66292367
45.10150933,-68.66292367
45.10150933,-68.66292367
45.10150933,-68.66292367
45.10150933,-68.66292367
45.10150933,-68.66292367
45.10150933,-68.66292367
45.10150933,-68.66292367
45.10150933,-68.66292367
45.10150933,-68.66292367
45.10150933,-68.66292367
45.10150933,-68.66292367
45.10150933,-68.66292367
45.10150933,-68.66292367
45.10149883,-68.662901
45.10149883,-68.662901
45.10149883,-68.662901
45.10149883,-68.662901
45.10149883,-68.662901
45.10149883,-68.662901
45.10149883,-68.662901
45.10149883,-68.662901
45.10149883,-68.662901
45.10149883,-68.662901
45.10149883,-68.662901
45.10149883,-68.662901
45.10149883,-68.662901
45.10149883,-68.662901
45.10149883,-68.662901
45.10149883,-68.662901
45.10149883,-68.662901
45.10149883,-68.662901
45.10149883,-68.662901
45.10149883,-68.662901
45.10149883,-68.662901
45.10149883,-68.662901
45.10149883,-68.662901
45.10149883,-68.662901
45.10149883,-68.662901
45.10148167,-68.66286683
45.10148167,-68.66286683
45.10148167,-68.66286683
45.10148167,-68.66286683
45.10148167,-68.66286683
45.10148167,-68.66286683
45.10148167,-68.66286683
45.10148167,-68.66286683
45.10148167,-68.66286683
45.10148167,-68.66286683
45.10148167,-68.66286683
45.10148167,-68.66286683
45.10148167,-68.66286683
45.10148167,-68.66286683
45.10148167,-68.66286683
45.10148167,-68.66286683
45.10148167,-68.66286683
45.10148167,-68.66286683
45.10148167,-68.66286683
45.10148167,-68.66286683
45.10148167,-68.66286683
45.10148167,-68.66286683
45.10148167,-68.66286683
45.10148167,-68.66286683
45.10148167,-68.66286683
45.10147017,-68.66284417
45.10147017,-68.66284417
45.10147017,-68.66284417
45.10147017,-68.66284417
45.10147017,-68.66284417
45.10147017,-68.66284417
45.10147017,-68.66284417
45.10147017,-68.66284417
45.10147017,-68.66284417
45.10147017,-68.66284417
45.10147017,-68.66284417
45.10147017,-68.66284417
45.10147017,-68.66284417
45.10147017,-68.66284417
45.10147017,-68.66284417
45.10147017,-68.66284417
45.10147017,-68.66284417
45.10147017,-68.66284417
45.10147017,-68.66284417
45.10147017,-68.66284417
45.10147017,-68.66284417
45.10147017,-68.66284417
45.10147017,-68.66284417
45.10147017,-68.66284417
45.10147017,-68.66284417
45.101454,-68.66280917
45.101454,-68.66280917
45.101454,-68.66280917
45.101454,-68.66280917
45.101454,-68.66280917
45.101454,-68.66280917
45.101454,-68.66280917
45.101454,-68.66280917
45.101454,-68.66280917
45.101454,-68.66280917
45.101454,-68.66280917
45.101454,-68.66280917
45.101454,-68.66280917
45.101454,-68.66280917
45.101454,-68.66280917
45.101454,-68.66280917
45.101454,-68.66280917
45.101454,-68.66280917
45.101454,-68.66280917
45.101454,-68.66280917
45.101454,-68.66280917
45.101454,-68.66280917
45.101454,-68.66280917
45.101454,-68.66280917
45.101454,-68.66280917
45.10144333,-68.66278633
45.10144333,-68.66278633
45.10144333,-68.66278633
45.10144333,-68.66278633
45.10144333,-68.66278633
45.10144333,-68.66278633
45.10144333,-68.66278633
45.10144333,-68.66278633
45.10144333,-68.66278633
45.10144333,-68.66278633
45.10144333,-68.66278633
45.10144333,-68.66278633
45.10144333,-68.66278633
45.10144333,-68.66278633
45.10144333,-68.66278633
45.10144333,-68.66278633
45.10144333,-68.66278633
45.10144333,-68.66278633
45.10144333,-68.66278633
45.10144333,-68.66278633
45.10144333,-68.66278633
45.10144333,-68.66278633
45.10144333,-68.66278633
45.10144333,-68.66278633
45.10144333,-68.66278633
45.10143217,-68.66276333
45.10143217,-68.66276333
45.10143217,-68.66276333
45.10143217,-68.66276333
45.10143217,-68.66276333
45.10143217,-68.66276333
45.10143217,-68.66276333
45.10143217,-68.66276333
45.10143217,-68.66276333
45.10143217,-68.66276333
45.10143217,-68.66276333
45.10143217,-68.66276333
45.10143217,-68.66276333
45.10143217,-68.66276333
45.10143217,-68.66276333
45.10143217,-68.66276333
45.10143217,-68.66276333
45.10143217,-68.66276333
45.10143217,-68.66276333
45.10143217,-68.66276333
45.10143217,-68.66276333
45.10143217,-68.66276333
45.10143217,-68.66276333
45.10143217,-68.66276333
45.10143217,-68.66276333
45.10141533,-68.6627285
45.10141533,-68.6627285
45.10141533,-68.6627285
45.10141533,-68.6627285
45.10141533,-68.6627285
45.10141533,-68.6627285
45.10141533,-68.6627285
45.10141533,-68.6627285
45.10141533,-68.6627285
45.10141533,-68.6627285
45.10141533,-68.6627285
45.10141533,-68.6627285
45.10141533,-68.6627285
45.10141533,-68.6627285
45.10141533,-68.6627285
45.10141533,-68.6627285
45.10141533,-68.6627285
45.10141533,-68.6627285
45.10141533,-68.6627285
45.10141533,-68.6627285
45.10141533,-68.6627285
45.10141533,-68.6627285
45.10141533,-68.6627285
45.10141533,-68.6627285
45.10141533,-68.6627285
45.10140433,-68.66270483
45.10140433,-68.66270483
45.10140433,-68.66270483
45.10140433,-68.66270483
45.10140433,-68.66270483
45.10140433,-68.66270483
45.10140433,-68.66270483
45.10140433,-68.66270483
45.10140433,-68.66270483
45.10140433,-68.66270483
45.10140433,-68.66270483
45.10140433,-68.66270483
45.10140433,-68.66270483
45.10140433,-68.66270483
45.10140433,-68.66270483
45.10140433,-68.66270483
45.10140433,-68.66270483
45.10140433,-68.66270483
45.10140433,-68.66270483
45.10140433,-68.66270483
45.10140433,-68.66270483
45.10140433,-68.66270483
45.10140433,-68.66270483
45.10140433,-68.66270483
45.10140433,-68.66270483
45.10139317,-68.66268117
45.10139317,-68.66268117
45.10139317,-68.66268117
45.10139317,-68.66268117
45.10139317,-68.66268117
45.10139317,-68.66268117
45.10139317,-68.66268117
45.10139317,-68.66268117
45.10139317,-68.66268117
45.10139317,-68.66268117
45.10139317,-68.66268117
45.10139317,-68.66268117
45.10139317,-68.66268117
45.10139317,-68.66268117
45.10139317,-68.66268117
45.10139317,-68.66268117
45.10139317,-68.66268117
45.10139317,-68.66268117
45.10139317,-68.66268117
45.10139317,-68.66268117
45.10139317,-68.66268117
45.10139317,-68.66268117
45.10139317,-68.66268117
45.10139317,-68.66268117
45.10139317,-68.66268117
45.10137667,-68.6626455
45.10137667,-68.6626455
45.10137667,-68.6626455
45.10137667,-68.6626455
45.10137667,-68.6626455
45.10137667,-68.6626455
45.10137667,-68.6626455
45.10137667,-68.6626455
45.10137667,-68.6626455
45.10137667,-68.6626455
45.10137667,-68.6626455
45.10137667,-68.6626455
45.10137667,-68.6626455
45.10137667,-68.6626455
45.10137667,-68.6626455
45.10137667,-68.6626455
45.10137667,-68.6626455
45.10137667,-68.6626455
45.10137667,-68.6626455
45.10137667,-68.6626455
45.10137667,-68.6626455
45.10137667,-68.6626455
45.10137667,-68.6626455
45.10137667,-68.6626455
45.10137667,-68.6626455
45.10136483,-68.66262167
45.10136483,-68.66262167
45.10136483,-68.66262167
45.10136483,-68.66262167
45.10136483,-68.66262167
45.10136483,-68.66262167
45.10136483,-68.66262167
45.10136483,-68.66262167
45.10136483,-68.66262167
45.10136483,-68.66262167
45.10136483,-68.66262167
45.10136483,-68.66262167
45.10136483,-68.66262167
45.10136483,-68.66262167
45.10136483,-68.66262167
45.10136483,-68.66262167
45.10136483,-68.66262167
45.10136483,-68.66262167
45.10136483,-68.66262167
45.10136483,-68.66262167
45.10136483,-68.66262167
45.10136483,-68.66262167
45.10136483,-68.66262167
45.10136483,-68.66262167
45.10136483,-68.66262167
45.101354,-68.66259767
45.101354,-68.66259767
45.101354,-68.66259767
45.101354,-68.66259767
45.101354,-68.66259767
45.101354,-68.66259767
45.101354,-68.66259767
45.101354,-68.66259767
45.101354,-68.66259767
45.101354,-68.66259767
45.101354,-68.66259767
45.101354,-68.66259767
45.101354,-68.66259767
45.101354,-68.66259767
45.101354,-68.66259767
45.101354,-68.66259767
45.101354,-68.66259767
45.101354,-68.66259767
45.101354,-68.66259767
45.101354,-68.66259767
45.101354,-68.66259767
45.101354,-68.66259767
45.101354,-68.66259767
45.101354,-68.66259767
45.101354,-68.66259767
45.10133683,-68.66256067
45.10133683,-68.66256067
45.10133683,-68.66256067
45.10133683,-68.66256067
45.10133683,-68.66256067
45.10133683,-68.66256067
45.10133683,-68.66256067
45.10133683,-68.66256067
45.10133683,-68.66256067
45.10133683,-68.66256067
45.10133683,-68.66256067
45.10133683,-68.66256067
45.10133683,-68.66256067
45.10133683,-68.66256067
45.10133683,-68.66256067
45.10133683,-68.66256067
45.10133683,-68.66256067
45.10133683,-68.66256067
45.10133683,-68.66256067
45.10133683,-68.66256067
45.10133683,-68.66256067
45.10133683,-68.66256067
45.10133683,-68.66256067
45.10133683,-68.66256067
45.10133683,-68.66256067
45.10132567,-68.662536
45.10132567,-68.662536
45.10132567,-68.662536
45.10132567,-68.662536
45.10132567,-68.662536
45.10132567,-68.662536
45.10132567,-68.662536
45.10132567,-68.662536
45.10132567,-68.662536
45.10132567,-68.662536
45.10132567,-68.662536
45.10132567,-68.662536
45.10132567,-68.662536
45.10132567,-68.662536
45.10132567,-68.662536
45.10132567,-68.662536
45.10132567,-68.662536
45.10132567,-68.662536
45.10132567,-68.662536
45.10132567,-68.662536
45.10132567,-68.662536
45.10132567,-68.662536
45.10132567,-68.662536
45.10132567,-68.662536
45.10132567,-68.662536
45.101309,-68.66250033
45.101309,-68.66250033
45.101309,-68.66250033
45.101309,-68.66250033
45.101309,-68.66250033
45.101309,-68.66250033
45.101309,-68.66250033
45.101309,-68.66250033
45.101309,-68.66250033
45.101309,-68.66250033
45.101309,-68.66250033
45.101309,-68.66250033
45.101309,-68.66250033
45.101309,-68.66250033
45.101309,-68.66250033
45.101309,-68.66250033
45.101309,-68.66250033
45.101309,-68.66250033
45.101309,-68.66250033
45.101309,-68.66250033
45.101309,-68.66250033
45.101309,-68.66250033
45.101309,-68.66250033
45.101309,-68.66250033
45.101309,-68.66250033
45.1012975,-68.66247683
45.1012975,-68.66247683
45.1012975,-68.66247683
45.1012975,-68.66247683
45.1012975,-68.66247683
45.1012975,-68.66247683
45.1012975,-68.66247683
45.1012975,-68.66247683
45.1012975,-68.66247683
45.1012975,-68.66247683
45.1012975,-68.66247683
45.1012975,-68.66247683
45.1012975,-68.66247683
45.1012975,-68.66247683
45.1012975,-68.66247683
45.1012975,-68.66247683
45.1012975,-68.66247683
45.1012975,-68.66247683
45.1012975,-68.66247683
45.1012975,-68.66247683
45.1012975,-68.66247683
45.1012975,-68.66247683
45.1012975,-68.66247683
45.1012975,-68.66247683
45.1012975,-68.66247683
45.10128583,-68.66245283
45.10128583,-68.66245283
45.10128583,-68.66245283
45.10128583,-68.66245283
45.10128583,-68.66245283
45.10128583,-68.66245283
45.10128583,-68.66245283
45.10128583,-68.66245283
45.10128583,-68.66245283
45.10128583,-68.66245283
45.10128583,-68.66245283
45.10128583,-68.66245283
45.10128583,-68.66245283
45.10128583,-68.66245283
45.10128583,-68.66245283
45.10128583,-68.66245283
45.10128583,-68.66245283
45.10128583,-68.66245283
45.10128583,-68.66245283
45.10128583,-68.66245283
45.10128583,-68.66245283
45.10128583,-68.66245283
45.10128583,-68.66245283
45.10128583,-68.66245283
45.10128583,-68.66245283
45.1012685,-68.662415
45.1012685,-68.662415
45.1012685,-68.662415
45.1012685,-68.662415
45.1012685,-68.662415
45.1012685,-68.662415
45.1012685,-68.662415
45.1012685,-68.662415
45.1012685,-68.662415
45.1012685,-68.662415
45.1012685,-68.662415
45.1012685,-68.662415
45.1012685,-68.662415
45.1012685,-68.662415
45.1012685,-68.662415
45.1012685,-68.662415
45.1012685,-68.662415
45.1012685,-68.662415
45.1012685,-68.662415
45.1012685,-68.662415
45.1012685,-68.662415
45.1012685,-68.662415
45.1012685,-68.662415
45.1012685,-68.662415
45.1012685,-68.662415
45.10125833,-68.66238967
45.10125833,-68.66238967
45.10125833,-68.66238967
45.10125833,-68.66238967
45.10125833,-68.66238967
45.10125833,-68.66238967
45.10125833,-68.66238967
45.10125833,-68.66238967
45.10125833,-68.66238967
45.10125833,-68.66238967
45.10125833,-68.66238967
45.10125833,-68.66238967
45.10125833,-68.66238967
45.10125833,-68.66238967
45.10125833,-68.66238967
45.10125833,-68.66238967
45.10125833,-68.66238967
45.10125833,-68.66238967
45.10125833,-68.66238967
45.10125833,-68.66238967
45.10125833,-68.66238967
45.10125833,-68.66238967
45.10125833,-68.66238967
45.10125833,-68.66238967
45.10125833,-68.66238967
45.10124917,-68.66236383
45.10124917,-68.66236383
45.10124917,-68.66236383
45.10124917,-68.66236383
45.10124917,-68.66236383
45.10124917,-68.66236383
45.10124917,-68.66236383
45.10124917,-68.66236383
45.10124917,-68.66236383
45.10124917,-68.66236383
45.10124917,-68.66236383
45.10124917,-68.66236383
45.10124917,-68.66236383
45.10124917,-68.66236383
45.10124917,-68.66236383
45.10124917,-68.66236383
45.10124917,-68.66236383
45.10124917,-68.66236383
45.10124917,-68.66236383
45.10124917,-68.66236383
45.10124917,-68.66236383
45.10124917,-68.66236383
45.10124917,-68.66236383
45.10124917,-68.66236383
45.10124917,-68.66236383
45.101235,-68.66232567
45.101235,-68.66232567
45.101235,-68.66232567
45.101235,-68.66232567
45.101235,-68.66232567
45.101235,-68.66232567
45.101235,-68.66232567
45.101235,-68.66232567
45.101235,-68.66232567
45.101235,-68.66232567
45.101235,-68.66232567
45.101235,-68.66232567
45.101235,-68.66232567
45.101235,-68.66232567
45.101235,-68.66232567
45.101235,-68.66232567
45.101235,-68.66232567
45.101235,-68.66232567
45.101235,-68.66232567
45.101235,-68.66232567
45.101235,-68.66232567
45.101235,-68.66232567
45.101235,-68.66232567
45.101235,-68.66232567
45.101235,-68.66232567
45.101225,-68.6623005
45.101225,-68.6623005
45.101225,-68.6623005
45.101225,-68.6623005
45.101225,-68.6623005
45.101225,-68.6623005
45.101225,-68.6623005
45.101225,-68.6623005
45.101225,-68.6623005
45.101225,-68.6623005
45.101225,-68.6623005
45.101225,-68.6623005
45.101225,-68.6623005
45.101225,-68.6623005
45.101225,-68.6623005
45.101225,-68.6623005
45.101225,-68.6623005
45.101225,-68.6623005
45.101225,-68.6623005
45.101225,-68.6623005
45.101225,-68.6623005
45.101225,-68.6623005
45.101225,-68.6623005
45.101225,-68.6623005
45.101225,-68.6623005
45.1012145,-68.66227567
45.1012145,-68.66227567
45.1012145,-68.66227567
45.1012145,-68.66227567
45.1012145,-68.66227567
45.1012145,-68.66227567
45.1012145,-68.66227567
45.1012145,-68.66227567
45.1012145,-68.66227567
45.1012145,-68.66227567
45.1012145,-68.66227567
45.1012145,-68.66227567
45.1012145,-68.66227567
45.1012145,-68.66227567
45.1012145,-68.66227567
45.1012145,-68.66227567
45.1012145,-68.66227567
45.1012145,-68.66227567
45.1012145,-68.66227567
45.1012145,-68.66227567
45.1012145,-68.66227567
45.1012145,-68.66227567
45.1012145,-68.66227567
45.1012145,-68.66227567
45.1012145,-68.66227567
45.10119933,-68.6622385
45.10119933,-68.6622385
45.10119933,-68.6622385
45.10119933,-68.6622385
45.10119933,-68.6622385
45.10119933,-68.6622385
45.10119933,-68.6622385
45.10119933,-68.6622385
45.10119933,-68.6622385
45.10119933,-68.6622385
45.10119933,-68.6622385
45.10119933,-68.6622385
45.10119933,-68.6622385
45.10119933,-68.6622385
45.10119933,-68.6622385
45.10119933,-68.6622385
45.10119933,-68.6622385
45.10119933,-68.6622385
45.10119933,-68.6622385
45.10119933,-68.6622385
45.10119933,-68.6622385
45.10119933,-68.6622385
45.10119933,-68.6622385
45.10119933,-68.6622385
45.10119933,-68.6622385
45.10118933,-68.66221333
45.10118933,-68.66221333
45.10118933,-68.66221333
45.10118933,-68.66221333
45.10118933,-68.66221333
45.10118933,-68.66221333
45.10118933,-68.66221333
45.10118933,-68.66221333
45.10118933,-68.66221333
45.10118933,-68.66221333
45.10118933,-68.66221333
45.10118933,-68.66221333
45.10118933,-68.66221333
45.10118933,-68.66221333
45.10118933,-68.66221333
45.10118933,-68.66221333
45.10118933,-68.66221333
45.10118933,-68.66221333
45.10118933,-68.66221333
45.10118933,-68.66221333
45.10118933,-68.66221333
45.10118933,-68.66221333
45.10118933,-68.66221333
45.10118933,-68.66221333
45.10118933,-68.66221333
45.10117417,-68.6621755
45.10117417,-68.6621755
45.10117417,-68.6621755
45.10117417,-68.6621755
45.10117417,-68.6621755
45.10117417,-68.6621755
45.10117417,-68.6621755
45.10117417,-68.6621755
45.10117417,-68.6621755
45.10117417,-68.6621755
45.10117417,-68.6621755
45.10117417,-68.6621755
45.10117417,-68.6621755
45.10117417,-68.6621755
45.10117417,-68.6621755
45.10117417,-68.6621755
45.10117417,-68.6621755
45.10117417,-68.6621755
45.10117417,-68.6621755
45.10117417,-68.6621755
45.10117417,-68.6621755
45.10117417,-68.6621755
45.10117417,-68.6621755
45.10117417,-68.6621755
45.10117417,-68.6621755
45.101164,-68.66215033
45.101164,-68.66215033
45.101164,-68.66215033
45.101164,-68.66215033
45.101164,-68.66215033
45.101164,-68.66215033
45.101164,-68.66215033
45.101164,-68.66215033
45.101164,-68.66215033
45.101164,-68.66215033
45.101164,-68.66215033
45.101164,-68.66215033
45.101164,-68.66215033
45.101164,-68.66215033
45.101164,-68.66215033
45.101164,-68.66215033
45.101164,-68.66215033
45.101164,-68.66215033
45.101164,-68.66215033
45.101164,-68.66215033
45.101164,-68.66215033
45.101164,-68.66215033
45.101164,-68.66215033
45.101164,-68.66215033
45.101164,-68.66215033
45.10115383,-68.66212483
45.10115383,-68.66212483
45.10115383,-68.66212483
45.10115383,-68.66212483
45.10115383,-68.66212483
45.10115383,-68.66212483
45.10115383,-68.66212483
45.10115383,-68.66212483
45.10115383,-68.66212483
45.10115383,-68.66212483
45.10115383,-68.66212483
45.10115383,-68.66212483
45.10115383,-68.66212483
45.10115383,-68.66212483
45.10115383,-68.66212483
45.10115383,-68.66212483
45.10115383,-68.66212483
45.10115383,-68.66212483
45.10115383,-68.66212483
45.10115383,-68.66212483
45.10115383,-68.66212483
45.10115383,-68.66212483
45.10115383,-68.66212483
45.10115383,-68.66212483
45.10115383,-68.66212483
45.10113817,-68.66208617
45.10113817,-68.66208617
45.10113817,-68.66208617
45.10113817,-68.66208617
45.10113817,-68.66208617
45.10113817,-68.66208617
45.10113817,-68.66208617
45.10113817,-68.66208617
45.10113817,-68.66208617
45.10113817,-68.66208617
45.10113817,-68.66208617
45.10113817,-68.66208617
45.10113817,-68.66208617
45.10113817,-68.66208617
45.10113817,-68.66208617
45.10113817,-68.66208617
45.10113817,-68.66208617
45.10113817,-68.66208617
45.10113817,-68.66208617
45.10113817,-68.66208617
45.10113817,-68.66208617
45.10113817,-68.66208617
45.10113817,-68.66208617
45.10113817,-68.66208617
45.10113817,-68.66208617
45.101128,-68.66206033
45.101128,-68.66206033
45.101128,-68.66206033
45.101128,-68.66206033
45.101128,-68.66206033
45.101128,-68.66206033
45.101128,-68.66206033
45.101128,-68.66206033
45.101128,-68.66206033
45.101128,-68.66206033
45.101128,-68.66206033
45.101128,-68.66206033
45.101128,-68.66206033
45.101128,-68.66206033
45.101128,-68.66206033
45.101128,-68.66206033
45.101128,-68.66206033
45.101128,-68.66206033
45.101128,-68.66206033
45.101128,-68.66206033
45.101128,-68.66206033
45.101128,-68.66206033
45.101128,-68.66206033
45.101128,-68.66206033
45.101128,-68.66206033
45.10111767,-68.6620345
45.10111767,-68.6620345
45.10111767,-68.6620345
45.10111767,-68.6620345
45.10111767,-68.6620345
45.10111767,-68.6620345
45.10111767,-68.6620345
45.10111767,-68.6620345
45.10111767,-68.6620345
45.10111767,-68.6620345
45.10111767,-68.6620345
45.10111767,-68.6620345
45.10111767,-68.6620345
45.10111767,-68.6620345
45.10111767,-68.6620345
45.10111767,-68.6620345
45.10111767,-68.6620345
45.10111767,-68.6620345
45.10111767,-68.6620345
45.10111767,-68.6620345
45.10111767,-68.6620345
45.10111767,-68.6620345
45.10111767,-68.6620345
45.10111767,-68.6620345
45.10111767,-68.6620345
45.10110283,-68.66199617
45.10110283,-68.66199617
45.10110283,-68.66199617
45.10110283,-68.66199617
45.10110283,-68.66199617
45.10110283,-68.66199617
45.10110283,-68.66199617
45.10110283,-68.66199617
45.10110283,-68.66199617
45.10110283,-68.66199617
45.10110283,-68.66199617
45.10110283,-68.66199617
45.10110283,-68.66199617
45.10110283,-68.66199617
45.10110283,-68.66199617
45.10110283,-68.66199617
45.10110283,-68.66199617
45.10110283,-68.66199617
45.10110283,-68.66199617
45.10110283,-68.66199617
45.10110283,-68.66199617
45.10110283,-68.66199617
45.10110283,-68.66199617
45.10110283,-68.66199617
45.10110283,-68.66199617
45.10109283,-68.66197083
45.10109283,-68.66197083
45.10109283,-68.66197083
45.10109283,-68.66197083
45.10109283,-68.66197083
45.10109283,-68.66197083
45.10109283,-68.66197083
45.10109283,-68.66197083
45.10109283,-68.66197083
45.10109283,-68.66197083
45.10109283,-68.66197083
45.10109283,-68.66197083
45.10109283,-68.66197083
45.10109283,-68.66197083
45.10109283,-68.66197083
45.10109283,-68.66197083
45.10109283,-68.66197083
45.10109283,-68.66197083
45.10109283,-68.66197083
45.10109283,-68.66197083
45.10109283,-68.66197083
45.10109283,-68.66197083
45.10109283,-68.66197083
45.10109283,-68.66197083
45.10109283,-68.66197083
45.10108317,-68.6619455
45.10108317,-68.6619455
45.10108317,-68.6619455
45.10108317,-68.6619455
45.10108317,-68.6619455
45.10108317,-68.6619455
45.10108317,-68.6619455
45.10108317,-68.6619455
45.10108317,-68.6619455
45.10108317,-68.6619455
45.10108317,-68.6619455
45.10108317,-68.6619455
45.10108317,-68.6619455
45.10108317,-68.6619455
45.10108317,-68.6619455
45.10108317,-68.6619455
45.10108317,-68.6619455
45.10108317,-68.6619455
45.10108317,-68.6619455
45.10108317,-68.6619455
45.10108317,-68.6619455
45.10108317,-68.6619455
45.10108317,-68.6619455
45.10108317,-68.6619455
45.10108317,-68.6619455
45.10106967,-68.661907
45.10106967,-68.661907
45.10106967,-68.661907
45.10106967,-68.661907
45.10106967,-68.661907
45.10106967,-68.661907
45.10106967,-68.661907
45.10106967,-68.661907
45.10106967,-68.661907
45.10106967,-68.661907
45.10106967,-68.661907
45.10106967,-68.661907
45.10106967,-68.661907
45.10106967,-68.661907
45.10106967,-68.661907
45.10106967,-68.661907
45.10106967,-68.661907
45.10106967,-68.661907
45.10106967,-68.661907
45.10106967,-68.661907
45.10106967,-68.661907
45.10106967,-68.661907
45.10106967,-68.661907
45.10106967,-68.661907
45.10106967,-68.661907
45.10106133,-68.6618815
45.10106133,-68.6618815
45.10106133,-68.6618815
45.10106133,-68.6618815
45.10106133,-68.6618815
45.10106133,-68.6618815
45.10106133,-68.6618815
45.10106133,-68.6618815
45.10106133,-68.6618815
45.10106133,-68.6618815
45.10106133,-68.6618815
45.10106133,-68.6618815
45.10106133,-68.6618815
45.10106133,-68.6618815
45.10106133,-68.6618815
45.10106133,-68.6618815
45.10106133,-68.6618815
45.10106133,-68.6618815
45.10106133,-68.6618815
45.10106133,-68.6618815
45.10106133,-68.6618815
45.10106133,-68.6618815
45.10106133,-68.6618815
45.10106133,-68.6618815
45.10106133,-68.6618815
45.101053,-68.66185533
45.101053,-68.66185533
45.101053,-68.66185533
45.101053,-68.66185533
45.101053,-68.66185533
45.101053,-68.66185533
45.101053,-68.66185533
45.101053,-68.66185533
45.101053,-68.66185533
45.101053,-68.66185533
45.101053,-68.66185533
45.101053,-68.66185533
45.101053,-68.66185533
45.101053,-68.66185533
45.101053,-68.66185533
45.101053,-68.66185533
45.101053,-68.66185533
45.101053,-68.66185533
45.101053,-68.66185533
45.101053,-68.66185533
45.101053,-68.66185533
45.101053,-68.66185533
45.101053,-68.66185533
45.101053,-68.66185533
45.101053,-68.66185533
45.10103933,-68.661816
45.10103933,-68.661816
45.10103933,-68.661816
45.10103933,-68.661816
45.10103933,-68.661816
45.10103933,-68.661816
45.10103933,-68.661816
45.10103933,-68.661816
45.10103933,-68.661816
45.10103933,-68.661816
45.10103933,-68.661816
45.10103933,-68.661816
45.10103933,-68.661816
45.10103933,-68.661816
45.10103933,-68.661816
45.10103933,-68.661816
45.10103933,-68.661816
45.10103933,-68.661816
45.10103933,-68.661816
45.10103933,-68.661816
45.10103933,-68.661816
45.10103933,-68.661816
45.10103933,-68.661816
45.10103933,-68.661816
45.10103933,-68.661816
45.1010285,-68.66179067
45.1010285,-68.66179067
45.1010285,-68.66179067
45.1010285,-68.66179067
45.1010285,-68.66179067
45.1010285,-68.66179067
45.1010285,-68.66179067
45.1010285,-68.66179067
45.1010285,-68.66179067
45.1010285,-68.66179067
45.1010285,-68.66179067
45.1010285,-68.66179067
45.1010285,-68.66179067
45.1010285,-68.66179067
45.1010285,-68.66179067
45.1010285,-68.66179067
45.1010285,-68.66179067
45.1010285,-68.66179067
45.1010285,-68.66179067
45.1010285,-68.66179067
45.1010285,-68.66179067
45.1010285,-68.66179067
45.1010285,-68.66179067
45.1010285,-68.66179067
45.1010285,-68.66179067
45.1010125,-68.66175233
45.1010125,-68.66175233
45.1010125,-68.66175233
45.1010125,-68.66175233
45.1010125,-68.66175233
45.1010125,-68.66175233
45.1010125,-68.66175233
45.1010125,-68.66175233
45.1010125,-68.66175233
45.1010125,-68.66175233
45.1010125,-68.66175233
45.1010125,-68.66175233
45.1010125,-68.66175233
45.1010125,-68.66175233
45.1010125,-68.66175233
45.1010125,-68.66175233
45.1010125,-68.66175233
45.1010125,-68.66175233
45.1010125,-68.66175233
45.1010125,-68.66175233
45.1010125,-68.66175233
45.1010125,-68.66175233
45.1010125,-68.66175233
45.1010125,-68.66175233
45.1010125,-68.66175233
45.10100267,-68.66172617
45.10100267,-68.66172617
45.10100267,-68.66172617
45.10100267,-68.66172617
45.10100267,-68.66172617
45.10100267,-68.66172617
45.10100267,-68.66172617
45.10100267,-68.66172617
45.10100267,-68.66172617
45.10100267,-68.66172617
45.10100267,-68.66172617
45.10100267,-68.66172617
45.10100267,-68.66172617
45.10100267,-68.66172617
45.10100267,-68.66172617
45.10100267,-68.66172617
45.10100267,-68.66172617
45.10100267,-68.66172617
45.10100267,-68.66172617
45.10100267,-68.66172617
45.10100267,-68.66172617
45.10100267,-68.66172617
45.10100267,-68.66172617
45.10100267,-68.66172617
45.10100267,-68.66172617
45.1009935,-68.66169967
45.1009935,-68.66169967
45.1009935,-68.66169967
45.1009935,-68.66169967
45.1009935,-68.66169967
45.1009935,-68.66169967
45.1009935,-68.66169967
45.1009935,-68.66169967
45.1009935,-68.66169967
45.1009935,-68.66169967
45.1009935,-68.66169967
45.1009935,-68.66169967
45.1009935,-68.66169967
45.1009935,-68.66169967
45.1009935,-68.66169967
45.1009935,-68.66169967
45.1009935,-68.66169967
45.1009935,-68.66169967
45.1009935,-68.66169967
45.1009935,-68.66169967
45.1009935,-68.66169967
45.1009935,-68.66169967
45.1009935,-68.66169967
45.1009935,-68.66169967
45.1009935,-68.66169967
45.100979,-68.66166033
45.100979,-68.66166033
45.100979,-68.66166033
45.100979,-68.66166033
45.100979,-68.66166033
45.100979,-68.66166033
45.100979,-68.66166033
45.100979,-68.66166033
45.100979,-68.66166033
45.100979,-68.66166033
45.100979,-68.66166033
45.100979,-68.66166033
45.100979,-68.66166033
45.100979,-68.66166033
45.100979,-68.66166033
45.100979,-68.66166033
45.100979,-68.66166033
45.100979,-68.66166033
45.100979,-68.66166033
45.100979,-68.66166033
45.100979,-68.66166033
45.100979,-68.66166033
45.100979,-68.66166033
45.100979,-68.66166033
45.100979,-68.66166033
45.10096933,-68.66163367
45.10096933,-68.66163367
45.10096933,-68.66163367
45.10096933,-68.66163367
45.10096933,-68.66163367
45.10096933,-68.66163367
45.10096933,-68.66163367
45.10096933,-68.66163367
45.10096933,-68.66163367
45.10096933,-68.66163367
45.10096933,-68.66163367
45.10096933,-68.66163367
45.10096933,-68.66163367
45.10096933,-68.66163367
45.10096933,-68.66163367
45.10096933,-68.66163367
45.10096933,-68.66163367
45.10096933,-68.66163367
45.10096933,-68.66163367
45.10096933,-68.66163367
45.10096933,-68.66163367
45.10096933,-68.66163367
45.10096933,-68.66163367
45.10096933,-68.66163367
45.10096933,-68.66163367
45.1009595,-68.66160733
45.1009595,-68.66160733
45.1009595,-68.66160733
45.1009595,-68.66160733
45.1009595,-68.66160733
45.1009595,-68.66160733
45.1009595,-68.66160733
45.1009595,-68.66160733
45.1009595,-68.66160733
45.1009595,-68.66160733
45.1009595,-68.66160733
45.1009595,-68.66160733
45.1009595,-68.66160733
45.1009595,-68.66160733
45.1009595,-68.66160733
45.1009595,-68.66160733
45.1009595,-68.66160733
45.1009595,-68.66160733
45.1009595,-68.66160733
45.1009595,-68.66160733
45.1009595,-68.66160733
45.1009595,-68.66160733
45.1009595,-68.66160733
45.1009595,-68.66160733
45.1009595,-68.66160733
45.10094583,-68.66156817
45.10094583,-68.66156817
45.10094583,-68.66156817
45.10094583,-68.66156817
45.10094583,-68.66156817
45.10094583,-68.66156817
45.10094583,-68.66156817
45.10094583,-68.66156817
45.10094583,-68.66156817
45.10094583,-68.66156817
45.10094583,-68.66156817
45.10094583,-68.66156817
45.10094583,-68.66156817
45.10094583,-68.66156817
45.10094583,-68.66156817
45.10094583,-68.66156817
45.10094583,-68.66156817
45.10094583,-68.66156817
45.10094583,-68.66156817
45.10094583,-68.66156817
45.10094583,-68.66156817
45.10094583,-68.66156817
45.10094583,-68.66156817
45.10094583,-68.66156817
45.10094583,-68.66156817
45.1009375,-68.6615425
45.1009375,-68.6615425
45.1009375,-68.6615425
45.1009375,-68.6615425
45.1009375,-68.6615425
45.1009375,-68.6615425
45.1009375,-68.6615425
45.1009375,-68.6615425
45.1009375,-68.6615425
45.1009375,-68.6615425
45.1009375,-68.6615425
45.1009375,-68.6615425
45.1009375,-68.6615425
45.1009375,-68.6615425
45.1009375,-68.6615425
45.1009375,-68.6615425
45.1009375,-68.6615425
45.1009375,-68.6615425
45.1009375,-68.6615425
45.1009375,-68.6615425
45.1009375,-68.6615425
45.1009375,-68.6615425
45.1009375,-68.6615425
45.1009375,-68.6615425
45.1009375,-68.6615425
45.10092917,-68.6615165
45.10092917,-68.6615165
45.10092917,-68.6615165
45.10092917,-68.6615165
45.10092917,-68.6615165
45.10092917,-68.6615165
45.10092917,-68.6615165
45.10092917,-68.6615165
45.10092917,-68.6615165
45.10092917,-68.6615165
45.10092917,-68.6615165
45.10092917,-68.6615165
45.10092917,-68.6615165
45.10092917,-68.6615165
45.10092917,-68.6615165
45.10092917,-68.6615165
45.10092917,-68.6615165
45.10092917,-68.6615165
45.10092917,-68.6615165
45.10092917,-68.6615165
45.10092917,-68.6615165
45.10092917,-68.6615165
45.10092917,-68.6615165
45.10092917,-68.6615165
45.10092917,-68.6615165
45.10091717,-68.66147833
45.10091717,-68.66147833
45.10091717,-68.66147833
45.10091717,-68.66147833
45.10091717,-68.66147833
45.10091717,-68.66147833
45.10091717,-68.66147833
45.10091717,-68.66147833
45.10091717,-68.66147833
45.10091717,-68.66147833
45.10091717,-68.66147833
45.10091717,-68.66147833
45.10091717,-68.66147833
45.10091717,-68.66147833
45.10091717,-68.66147833
45.10091717,-68.66147833
45.10091717,-68.66147833
45.10091717,-68.66147833
45.10091717,-68.66147833
45.10091717,-68.66147833
45.10091717,-68.66147833
45.10091717,-68.66147833
45.10091717,-68.66147833
45.10091717,-68.66147833
45.10091717,-68.66147833
45.10090933,-68.661452
45.10090933,-68.661452
45.10090933,-68.661452
45.10090933,-68.661452
45.10090933,-68.661452
45.10090933,-68.661452
45.10090933,-68.661452
45.10090933,-68.661452
45.10090933,-68.661452
45.10090933,-68.661452
45.10090933,-68.661452
45.10090933,-68.661452
45.10090933,-68.661452
45.10090933,-68.661452
45.10090933,-68.661452
45.10090933,-68.661452
45.10090933,-68.661452
45.10090933,-68.661452
45.10090933,-68.661452
45.10090933,-68.661452
45.10090933,-68.661452
45.10090933,-68.661452
45.10090933,-68.661452
45.10090933,-68.661452
45.10090933,-68.661452
45.10089733,-68.66141267
45.10089733,-68.66141267
45.10089733,-68.66141267
45.10089733,-68.66141267
45.10089733,-68.66141267
45.10089733,-68.66141267
45.10089733,-68.66141267
45.10089733,-68.66141267
45.10089733,-68.66141267
45.10089733,-68.66141267
45.10089733,-68.66141267
45.10089733,-68.66141267
45.10089733,-68.66141267
45.10089733,-68.66141267
45.10089733,-68.66141267
45.10089733,-68.66141267
45.10089733,-68.66141267
45.10089733,-68.66141267
45.10089733,-68.66141267
45.10089733,-68.66141267
45.10089733,-68.66141267
45.10089733,-68.66141267
45.10089733,-68.66141267
45.10089733,-68.66141267
45.10089733,-68.66141267
45.10088917,-68.661386
45.10088917,-68.661386
45.10088917,-68.661386
45.10088917,-68.661386
45.10088917,-68.661386
45.10088917,-68.661386
45.10088917,-68.661386
45.10088917,-68.661386
45.10088917,-68.661386
45.10088917,-68.661386
45.10088917,-68.661386
45.10088917,-68.661386
45.10088917,-68.661386
45.10088917,-68.661386
45.10088917,-68.661386
45.10088917,-68.661386
45.10088917,-68.661386
45.10088917,-68.661386
45.10088917,-68.661386
45.10088917,-68.661386
45.10088917,-68.661386
45.10088917,-68.661386
45.10088917,-68.661386
45.10088917,-68.661386
45.10088917,-68.661386
45.10088167,-68.66136033
45.10088167,-68.66136033
45.10088167,-68.66136033
45.10088167,-68.66136033
45.10088167,-68.66136033
45.10088167,-68.66136033
45.10088167,-68.66136033
45.10088167,-68.66136033
45.10088167,-68.66136033
45.10088167,-68.66136033
45.10088167,-68.66136033
45.10088167,-68.66136033
45.10088167,-68.66136033
45.10088167,-68.66136033
45.10088167,-68.66136033
45.10088167,-68.66136033
45.10088167,-68.66136033
45.10088167,-68.66136033
45.10088167,-68.66136033
45.10088167,-68.66136033
45.10088167,-68.66136033
45.10088167,-68.66136033
45.10088167,-68.66136033
45.10088167,-68.66136033
45.10088167,-68.66136033
45.1008705,-68.6613215
45.1008705,-68.6613215
45.1008705,-68.6613215
45.1008705,-68.6613215
45.1008705,-68.6613215
45.1008705,-68.6613215
45.1008705,-68.6613215
45.1008705,-68.6613215
45.1008705,-68.6613215
45.1008705,-68.6613215
45.1008705,-68.6613215
45.1008705,-68.6613215
45.1008705,-68.6613215
45.1008705,-68.6613215
45.1008705,-68.6613215
45.1008705,-68.6613215
45.1008705,-68.6613215
45.1008705,-68.6613215
45.1008705,-68.6613215
45.1008705,-68.6613215
45.1008705,-68.6613215
45.1008705,-68.6613215
45.1008705,-68.6613215
45.1008705,-68.6613215
45.1008705,-68.6613215
45.100863,-68.66129517
45.100863,-68.66129517
45.100863,-68.66129517
45.100863,-68.66129517
45.100863,-68.66129517
45.100863,-68.66129517
45.100863,-68.66129517
45.100863,-68.66129517
45.100863,-68.66129517
45.100863,-68.66129517
45.100863,-68.66129517
45.100863,-68.66129517
45.100863,-68.66129517
45.100863,-68.66129517
45.100863,-68.66129517
45.100863,-68.66129517
45.100863,-68.66129517
45.100863,-68.66129517
45.100863,-68.66129517
45.100863,-68.66129517
45.100863,-68.66129517
45.100863,-68.66129517
45.100863,-68.66129517
45.100863,-68.66129517
45.100863,-68.66129517
45.10085533,-68.66126833
45.10085533,-68.66126833
45.10085533,-68.66126833
45.10085533,-68.66126833
45.10085533,-68.66126833
45.10085533,-68.66126833
45.10085533,-68.66126833
45.10085533,-68.66126833
45.10085533,-68.66126833
45.10085533,-68.66126833
45.10085533,-68.66126833
45.10085533,-68.66126833
45.10085533,-68.66126833
45.10085533,-68.66126833
45.10085533,-68.66126833
45.10085533,-68.66126833
45.10085533,-68.66126833
45.10085533,-68.66126833
45.10085533,-68.66126833
45.10085533,-68.66126833
45.10085533,-68.66126833
45.10085533,-68.66126833
45.10085533,-68.66126833
45.10085533,-68.66126833
45.10085533,-68.66126833
45.10084417,-68.66122767
45.10084417,-68.66122767
45.10084417,-68.66122767
45.10084417,-68.66122767
45.10084417,-68.66122767
45.10084417,-68.66122767
45.10084417,-68.66122767
45.10084417,-68.66122767
45.10084417,-68.66122767
45.10084417,-68.66122767
45.10084417,-68.66122767
45.10084417,-68.66122767
45.10084417,-68.66122767
45.10084417,-68.66122767
45.10084417,-68.66122767
45.10084417,-68.66122767
45.10084417,-68.66122767
45.10084417,-68.66122767
45.10084417,-68.66122767
45.10084417,-68.66122767
45.10084417,-68.66122767
45.10084417,-68.66122767
45.10084417,-68.66122767
45.10084417,-68.66122767
45.10084417,-68.66122767
45.10083717,-68.661201
45.10083717,-68.661201
45.10083717,-68.661201
45.10083717,-68.661201
45.10083717,-68.661201
45.10083717,-68.661201
45.10083717,-68.661201
45.10083717,-68.661201
45.10083717,-68.661201
45.10083717,-68.661201
45.10083717,-68.661201
45.10083717,-68.661201
45.10083717,-68.661201
45.10083717,-68.661201
45.10083717,-68.661201
45.10083717,-68.661201
45.10083717,-68.661201
45.10083717,-68.661201
45.10083717,-68.661201
45.10083717,-68.661201
45.10083717,-68.661201
45.10083717,-68.661201
45.10083717,-68.661201
45.10083717,-68.661201
45.10083717,-68.661201
45.10082967,-68.661174
45.10082967,-68.661174
45.10082967,-68.661174
45.10082967,-68.661174
45.10082967,-68.661174
45.10082967,-68.661174
45.10082967,-68.661174
45.10082967,-68.661174
45.10082967,-68.661174
45.10082967,-68.661174
45.10082967,-68.661174
45.10082967,-68.661174
45.10082967,-68.661174
45.10082967,-68.661174
45.10082967,-68.661174
45.10082967,-68.661174
45.10082967,-68.661174
45.10082967,-68.661174
45.10082967,-68.661174
45.10082967,-68.661174
45.10082967,-68.661174
45.10082967,-68.661174
45.10082967,-68.661174
45.10082967,-68.661174
45.10082967,-68.661174
45.10082017,-68.66113283
45.10082017,-68.66113283
45.10082017,-68.66113283
45.10082017,-68.66113283
45.10082017,-68.66113283
45.10082017,-68.66113283
45.10082017,-68.66113283
45.10082017,-68.66113283
45.10082017,-68.66113283
45.10082017,-68.66113283
45.10082017,-68.66113283
45.10082017,-68.66113283
45.10082017,-68.66113283
45.10082017,-68.66113283
45.10082017,-68.66113283
45.10082017,-68.66113283
45.10082017,-68.66113283
45.10082017,-68.66113283
45.10082017,-68.66113283
45.10082017,-68.66113283
45.10082017,-68.66113283
45.10082017,-68.66113283
45.10082017,-68.66113283
45.10082017,-68.66113283
45.10082017,-68.66113283
45.100814,-68.661106
45.100814,-68.661106
45.100814,-68.661106
45.100814,-68.661106
45.100814,-68.661106
45.100814,-68.661106
45.100814,-68.661106
45.100814,-68.661106
45.100814,-68.661106
45.100814,-68.661106
45.100814,-68.661106
45.100814,-68.661106
45.100814,-68.661106
45.100814,-68.661106
45.100814,-68.661106
45.100814,-68.661106
45.100814,-68.661106
45.100814,-68.661106
45.100814,-68.661106
45.100814,-68.661106
45.100814,-68.661106
45.100814,-68.661106
45.100814,-68.661106
45.100814,-68.661106
45.100814,-68.661106
45.100808,-68.66107917
45.100808,-68.66107917
45.100808,-68.66107917
45.100808,-68.66107917
45.100808,-68.66107917
45.100808,-68.66107917
45.100808,-68.66107917
45.100808,-68.66107917
45.100808,-68.66107917
45.100808,-68.66107917
45.100808,-68.66107917
45.100808,-68.66107917
45.100808,-68.66107917
45.100808,-68.66107917
45.100808,-68.66107917
45.100808,-68.66107917
45.100808,-68.66107917
45.100808,-68.66107917
45.100808,-68.66107917
45.100808,-68.66107917
45.100808,-68.66107917
45.100808,-68.66107917
45.100808,-68.66107917
45.100808,-68.66107917
45.100808,-68.66107917
45.1007985,-68.66104417
45.1007985,-68.66104417
45.1007985,-68.66104417
45.1007985,-68.66104417
45.1007985,-68.66104417
45.1007985,-68.66104417
45.1007985,-68.66104417
45.1007985,-68.66104417
45.1007985,-68.66104417
45.1007985,-68.66104417
45.1007985,-68.66104417
45.1007985,-68.66104417
45.1007985,-68.66104417
45.1007985,-68.66104417
45.1007985,-68.66104417
45.1007985,-68.66104417
45.1007985,-68.66104417
45.1007985,-68.66104417
45.1007985,-68.66104417
45.1007985,-68.66104417
45.1007985,-68.66104417
45.1007985,-68.66104417
45.1007985,-68.66104417
45.1007985,-68.66104417
45.1007985,-68.66104417
45.10079233,-68.66102233
45.10079233,-68.66102233
45.10079233,-68.66102233
45.10079233,-68.66102233
45.10079233,-68.66102233
45.10079233,-68.66102233
45.10079233,-68.66102233
45.10079233,-68.66102233
45.10079233,-68.66102233
45.10079233,-68.66102233
45.10079233,-68.66102233
45.10079233,-68.66102233
45.10079233,-68.66102233
45.10079233,-68.66102233
45.10079233,-68.66102233
45.10079233,-68.66102233
45.10079233,-68.66102233
45.10079233,-68.66102233
45.10079233,-68.66102233
45.10079233,-68.66102233
45.10079233,-68.66102233
45.10079233,-68.66102233
45.10079233,-68.66102233
45.10079233,-68.66102233
45.10079233,-68.66102233
45.10078533,-68.66098917
45.10078533,-68.66098917
45.10078533,-68.66098917
45.10078533,-68.66098917
45.10078533,-68.66098917
45.10078533,-68.66098917
45.10078533,-68.66098917
45.10078533,-68.66098917
45.10078533,-68.66098917
45.10078533,-68.66098917
45.10078533,-68.66098917
45.10078533,-68.66098917
45.10078533,-68.66098917
45.10078533,-68.66098917
45.10078533,-68.66098917
45.10078533,-68.66098917
45.10078533,-68.66098917
45.10078533,-68.66098917
45.10078533,-68.66098917
45.10078533,-68.66098917
45.10078533,-68.66098917
45.10078533,-68.66098917
45.10078533,-68.66098917
45.10078533,-68.66098917
45.10078533,-68.66098917
45.10078067,-68.66096817
45.10078067,-68.66096817
45.10078067,-68.66096817
45.10078067,-68.66096817
45.10078067,-68.66096817
45.10078067,-68.66096817
45.10078067,-68.66096817
45.10078067,-68.66096817
45.10078067,-68.66096817
45.10078067,-68.66096817
45.10078067,-68.66096817
45.10078067,-68.66096817
45.10078067,-68.66096817
45.10078067,-68.66096817
45.10078067,-68.66096817
45.10078067,-68.66096817
45.10078067,-68.66096817
45.10078067,-68.66096817
45.10078067,-68.66096817
45.10078067,-68.66096817
45.10078067,-68.66096817
45.10078067,-68.66096817
45.10078067,-68.66096817
45.10078067,-68.66096817
45.10078067,-68.66096817
45.10077617,-68.6609475
45.10077617,-68.6609475
45.10077617,-68.6609475
45.10077617,-68.6609475
45.10077617,-68.6609475
45.10077617,-68.6609475
45.10077617,-68.6609475
45.10077617,-68.6609475
45.10077617,-68.6609475
45.10077617,-68.6609475
45.10077617,-68.6609475
45.10077617,-68.6609475
45.10077617,-68.6609475
45.10077617,-68.6609475
45.10077617,-68.6609475
45.10077617,-68.6609475
45.10077617,-68.6609475
45.10077617,-68.6609475
45.10077617,-68.6609475
45.10077617,-68.6609475
45.10077617,-68.6609475
45.10077617,-68.6609475
45.10077617,-68.6609475
45.10077617,-68.6609475
45.10077617,-68.6609475
45.10076783,-68.660917
45.10076783,-68.660917
45.10076783,-68.660917
45.10076783,-68.660917
45.10076783,-68.660917
45.10076783,-68.660917
45.10076783,-68.660917
45.10076783,-68.660917
45.10076783,-68.660917
45.10076783,-68.660917
45.10076783,-68.660917
45.10076783,-68.660917
45.10076783,-68.660917
45.10076783,-68.660917
45.10076783,-68.660917
45.10076783,-68.660917
45.10076783,-68.660917
45.10076783,-68.660917
45.10076783,-68.660917
45.10076783,-68.660917
45.10076783,-68.660917
45.10076783,-68.660917
45.10076783,-68.660917
45.10076783,-68.660917
45.10076783,-68.660917
45.100762,-68.66089767
45.100762,-68.66089767
45.100762,-68.66089767
45.100762,-68.66089767
45.100762,-68.66089767
45.100762,-68.66089767
45.100762,-68.66089767
45.100762,-68.66089767
45.100762,-68.66089767
45.100762,-68.66089767
45.100762,-68.66089767
45.100762,-68.66089767
45.100762,-68.66089767
45.100762,-68.66089767
45.100762,-68.66089767
45.100762,-68.66089767
45.100762,-68.66089767
45.100762,-68.66089767
45.100762,-68.66089767
45.100762,-68.66089767
45.100762,-68.66089767
45.100762,-68.66089767
45.100762,-68.66089767
45.100762,-68.66089767
45.100762,-68.66089767
45.100757,-68.66087833
45.100757,-68.66087833
45.100757,-68.66087833
45.100757,-68.66087833
45.100757,-68.66087833
45.100757,-68.66087833
45.100757,-68.66087833
45.100757,-68.66087833
45.100757,-68.66087833
45.100757,-68.66087833
45.100757,-68.66087833
45.100757,-68.66087833
45.100757,-68.66087833
45.100757,-68.66087833
45.100757,-68.66087833
45.100757,-68.66087833
45.100757,-68.66087833
45.100757,-68.66087833
45.100757,-68.66087833
45.100757,-68.66087833
45.100757,-68.66087833
45.100757,-68.66087833
45.100757,-68.66087833
45.100757,-68.66087833
45.100757,-68.66087833
45.10075033,-68.66084867
45.10075033,-68.66084867
45.10075033,-68.66084867
45.10075033,-68.66084867
45.10075033,-68.66084867
45.10075033,-68.66084867
45.10075033,-68.66084867
45.10075033,-68.66084867
45.10075033,-68.66084867
45.10075033,-68.66084867
45.10075033,-68.66084867
45.10075033,-68.66084867
45.10075033,-68.66084867
45.10075033,-68.66084867
45.10075033,-68.66084867
45.10075033,-68.66084867
45.10075033,-68.66084867
45.10075033,-68.66084867
45.10075033,-68.66084867
45.10075033,-68.66084867
45.10075033,-68.66084867
45.10075033,-68.66084867
45.10075033,-68.66084867
45.10075033,-68.66084867
45.10075033,-68.66084867
45.1007465,-68.66082833
45.1007465,-68.66082833
45.1007465,-68.66082833
45.1007465,-68.66082833
45.1007465,-68.66082833
45.1007465,-68.66082833
45.1007465,-68.66082833
45.1007465,-68.66082833
45.1007465,-68.66082833
45.1007465,-68.66082833
45.1007465,-68.66082833
45.1007465,-68.66082833
45.1007465,-68.66082833
45.1007465,-68.66082833
45.1007465,-68.66082833
45.1007465,-68.66082833
45.1007465,-68.66082833
45.1007465,-68.66082833
45.1007465,-68.66082833
45.1007465,-68.66082833
45.1007465,-68.66082833
45.1007465,-68.66082833
45.1007465,-68.66082833
45.1007465,-68.66082833
45.1007465,-68.66082833
45.10074283,-68.66080783
45.10074283,-68.66080783
45.10074283,-68.66080783
45.10074283,-68.66080783
45.10074283,-68.66080783
45.10074283,-68.66080783
45.10074283,-68.66080783
45.10074283,-68.66080783
45.10074283,-68.66080783
45.10074283,-68.66080783
45.10074283,-68.66080783
45.10074283,-68.66080783
45.10074283,-68.66080783
45.10074283,-68.66080783
45.10074283,-68.66080783
45.10074283,-68.66080783
45.10074283,-68.66080783
45.10074283,-68.66080783
45.10074283,-68.66080783
45.10074283,-68.66080783
45.10074283,-68.66080783
45.10074283,-68.66080783
45.10074283,-68.66080783
45.10074283,-68.66080783
45.10074283,-68.66080783
45.1007405,-68.66079817
45.1007405,-68.66079817
45.1007405,-68.66079817
45.1007405,-68.66079817
45.1007405,-68.66079817
45.1007405,-68.66079817
45.1007405,-68.66079817
45.1007405,-68.66079817
45.1007405,-68.66079817
45.1007405,-68.66079817
45.1007405,-68.66079817
45.1007405,-68.66079817
45.1007405,-68.66079817
45.1007405,-68.66079817
45.1007405,-68.66079817
45.1007405,-68.66079817
45.1007405,-68.66079817
45.1007405,-68.66079817
45.1007405,-68.66079817
45.1007405,-68.66079817
45.1007405,-68.66079817
45.1007405,-68.66079817
45.1007405,-68.66079817
45.1007405,-68.66079817
45.1007405,-68.66079817
