Var1,Var2
45.10214617,-68.65981933
45.10214617,-68.65981933
45.10214617,-68.65981933
45.10214617,-68.65981933
45.10214617,-68.65981933
45.10214617,-68.65981933
45.10214617,-68.65981933
45.10214617,-68.65981933
45.10214617,-68.65981933
45.10214617,-68.65981933
45.10214617,-68.65981933
45.10214617,-68.65981933
45.10214617,-68.65981933
45.10214617,-68.65981933
45.10214617,-68.65981933
45.10214617,-68.65981933
45.10214617,-68.65981933
45.10214617,-68.65981933
45.10214617,-68.65981933
45.10214617,-68.65981933
45.10214617,-68.65981933
45.10214617,-68.65981933
45.10214617,-68.65981933
45.10214617,-68.65981933
45.10214617,-68.65981933
45.10215783,-68.65980283
45.10215783,-68.65980283
45.10215783,-68.65980283
45.10215783,-68.65980283
45.10215783,-68.65980283
45.10215783,-68.65980283
45.10215783,-68.65980283
45.10215783,-68.65980283
45.10215783,-68.65980283
45.10215783,-68.65980283
45.10215783,-68.65980283
45.10215783,-68.65980283
45.10215783,-68.65980283
45.10215783,-68.65980283
45.10215783,-68.65980283
45.10215783,-68.65980283
45.10215783,-68.65980283
45.10215783,-68.65980283
45.10215783,-68.65980283
45.10215783,-68.65980283
45.10215783,-68.65980283
45.10215783,-68.65980283
45.10215783,-68.65980283
45.10215783,-68.65980283
45.10215783,-68.65980283
45.102171,-68.65978967
45.102171,-68.65978967
45.102171,-68.65978967
45.102171,-68.65978967
45.102171,-68.65978967
45.102171,-68.65978967
45.102171,-68.65978967
45.102171,-68.65978967
45.102171,-68.65978967
45.102171,-68.65978967
45.102171,-68.65978967
45.102171,-68.65978967
45.102171,-68.65978967
45.102171,-68.65978967
45.102171,-68.65978967
45.102171,-68.65978967
45.102171,-68.65978967
45.102171,-68.65978967
45.102171,-68.65978967
45.102171,-68.65978967
45.102171,-68.65978967
45.102171,-68.65978967
45.102171,-68.65978967
45.102171,-68.65978967
45.102171,-68.65978967
45.102193,-68.65977883
45.102193,-68.65977883
45.102193,-68.65977883
45.102193,-68.65977883
45.102193,-68.65977883
45.102193,-68.65977883
45.102193,-68.65977883
45.102193,-68.65977883
45.102193,-68.65977883
45.102193,-68.65977883
45.102193,-68.65977883
45.102193,-68.65977883
45.102193,-68.65977883
45.102193,-68.65977883
45.102193,-68.65977883
45.102193,-68.65977883
45.102193,-68.65977883
45.102193,-68.65977883
45.102193,-68.65977883
45.102193,-68.65977883
45.102193,-68.65977883
45.102193,-68.65977883
45.102193,-68.65977883
45.102193,-68.65977883
45.102193,-68.65977883
45.10220917,-68.65977717
45.10220917,-68.65977717
45.10220917,-68.65977717
45.10220917,-68.65977717
45.10220917,-68.65977717
45.10220917,-68.65977717
45.10220917,-68.65977717
45.10220917,-68.65977717
45.10220917,-68.65977717
45.10220917,-68.65977717
45.10220917,-68.65977717
45.10220917,-68.65977717
45.10220917,-68.65977717
45.10220917,-68.65977717
45.10220917,-68.65977717
45.10220917,-68.65977717
45.10220917,-68.65977717
45.10220917,-68.65977717
45.10220917,-68.65977717
45.10220917,-68.65977717
45.10220917,-68.65977717
45.10220917,-68.65977717
45.10220917,-68.65977717
45.10220917,-68.65977717
45.10220917,-68.65977717
45.10222683,-68.65977767
45.10222683,-68.65977767
45.10222683,-68.65977767
45.10222683,-68.65977767
45.10222683,-68.65977767
45.10222683,-68.65977767
45.10222683,-68.65977767
45.10222683,-68.65977767
45.10222683,-68.65977767
45.10222683,-68.65977767
45.10222683,-68.65977767
45.10222683,-68.65977767
45.10222683,-68.65977767
45.10222683,-68.65977767
45.10222683,-68.65977767
45.10222683,-68.65977767
45.10222683,-68.65977767
45.10222683,-68.65977767
45.10222683,-68.65977767
45.10222683,-68.65977767
45.10222683,-68.65977767
45.10222683,-68.65977767
45.10222683,-68.65977767
45.10222683,-68.65977767
45.10222683,-68.65977767
45.1022525,-68.6597875
45.1022525,-68.6597875
45.1022525,-68.6597875
45.1022525,-68.6597875
45.1022525,-68.6597875
45.1022525,-68.6597875
45.1022525,-68.6597875
45.1022525,-68.6597875
45.1022525,-68.6597875
45.1022525,-68.6597875
45.1022525,-68.6597875
45.1022525,-68.6597875
45.1022525,-68.6597875
45.1022525,-68.6597875
45.1022525,-68.6597875
45.1022525,-68.6597875
45.1022525,-68.6597875
45.1022525,-68.6597875
45.1022525,-68.6597875
45.1022525,-68.6597875
45.1022525,-68.6597875
45.1022525,-68.6597875
45.1022525,-68.6597875
45.1022525,-68.6597875
45.1022525,-68.6597875
45.10227017,-68.65979883
45.10227017,-68.65979883
45.10227017,-68.65979883
45.10227017,-68.65979883
45.10227017,-68.65979883
45.10227017,-68.65979883
45.10227017,-68.65979883
45.10227017,-68.65979883
45.10227017,-68.65979883
45.10227017,-68.65979883
45.10227017,-68.65979883
45.10227017,-68.65979883
45.10227017,-68.65979883
45.10227017,-68.65979883
45.10227017,-68.65979883
45.10227017,-68.65979883
45.10227017,-68.65979883
45.10227017,-68.65979883
45.10227017,-68.65979883
45.10227017,-68.65979883
45.10227017,-68.65979883
45.10227017,-68.65979883
45.10227017,-68.65979883
45.10227017,-68.65979883
45.10227017,-68.65979883
45.10228733,-68.659814
45.10228733,-68.659814
45.10228733,-68.659814
45.10228733,-68.659814
45.10228733,-68.659814
45.10228733,-68.659814
45.10228733,-68.659814
45.10228733,-68.659814
45.10228733,-68.659814
45.10228733,-68.659814
45.10228733,-68.659814
45.10228733,-68.659814
45.10228733,-68.659814
45.10228733,-68.659814
45.10228733,-68.659814
45.10228733,-68.659814
45.10228733,-68.659814
45.10228733,-68.659814
45.10228733,-68.659814
45.10228733,-68.659814
45.10228733,-68.659814
45.10228733,-68.659814
45.10228733,-68.659814
45.10228733,-68.659814
45.10228733,-68.659814
45.10231367,-68.6598385
45.10231367,-68.6598385
45.10231367,-68.6598385
45.10231367,-68.6598385
45.10231367,-68.6598385
45.10231367,-68.6598385
45.10231367,-68.6598385
45.10231367,-68.6598385
45.10231367,-68.6598385
45.10231367,-68.6598385
45.10231367,-68.6598385
45.10231367,-68.6598385
45.10231367,-68.6598385
45.10231367,-68.6598385
45.10231367,-68.6598385
45.10231367,-68.6598385
45.10231367,-68.6598385
45.10231367,-68.6598385
45.10231367,-68.6598385
45.10231367,-68.6598385
45.10231367,-68.6598385
45.10231367,-68.6598385
45.10231367,-68.6598385
45.10231367,-68.6598385
45.10231367,-68.6598385
45.10233067,-68.6598575
45.10233067,-68.6598575
45.10233067,-68.6598575
45.10233067,-68.6598575
45.10233067,-68.6598575
45.10233067,-68.6598575
45.10233067,-68.6598575
45.10233067,-68.6598575
45.10233067,-68.6598575
45.10233067,-68.6598575
45.10233067,-68.6598575
45.10233067,-68.6598575
45.10233067,-68.6598575
45.10233067,-68.6598575
45.10233067,-68.6598575
45.10233067,-68.6598575
45.10233067,-68.6598575
45.10233067,-68.6598575
45.10233067,-68.6598575
45.10233067,-68.6598575
45.10233067,-68.6598575
45.10233067,-68.6598575
45.10233067,-68.6598575
45.10233067,-68.6598575
45.10233067,-68.6598575
45.1023565,-68.65988533
45.1023565,-68.65988533
45.1023565,-68.65988533
45.1023565,-68.65988533
45.1023565,-68.65988533
45.1023565,-68.65988533
45.1023565,-68.65988533
45.1023565,-68.65988533
45.1023565,-68.65988533
45.1023565,-68.65988533
45.1023565,-68.65988533
45.1023565,-68.65988533
45.1023565,-68.65988533
45.1023565,-68.65988533
45.1023565,-68.65988533
45.1023565,-68.65988533
45.1023565,-68.65988533
45.1023565,-68.65988533
45.1023565,-68.65988533
45.1023565,-68.65988533
45.1023565,-68.65988533
45.1023565,-68.65988533
45.1023565,-68.65988533
45.1023565,-68.65988533
45.1023565,-68.65988533
45.10237117,-68.659903
45.10237117,-68.659903
45.10237117,-68.659903
45.10237117,-68.659903
45.10237117,-68.659903
45.10237117,-68.659903
45.10237117,-68.659903
45.10237117,-68.659903
45.10237117,-68.659903
45.10237117,-68.659903
45.10237117,-68.659903
45.10237117,-68.659903
45.10237117,-68.659903
45.10237117,-68.659903
45.10237117,-68.659903
45.10237117,-68.659903
45.10237117,-68.659903
45.10237117,-68.659903
45.10237117,-68.659903
45.10237117,-68.659903
45.10237117,-68.659903
45.10237117,-68.659903
45.10237117,-68.659903
45.10237117,-68.659903
45.10237117,-68.659903
45.10238517,-68.6599205
45.10238517,-68.6599205
45.10238517,-68.6599205
45.10238517,-68.6599205
45.10238517,-68.6599205
45.10238517,-68.6599205
45.10238517,-68.6599205
45.10238517,-68.6599205
45.10238517,-68.6599205
45.10238517,-68.6599205
45.10238517,-68.6599205
45.10238517,-68.6599205
45.10238517,-68.6599205
45.10238517,-68.6599205
45.10238517,-68.6599205
45.10238517,-68.6599205
45.10238517,-68.6599205
45.10238517,-68.6599205
45.10238517,-68.6599205
45.10238517,-68.6599205
45.10238517,-68.6599205
45.10238517,-68.6599205
45.10238517,-68.6599205
45.10238517,-68.6599205
45.10238517,-68.6599205
45.10240483,-68.65994617
45.10240483,-68.65994617
45.10240483,-68.65994617
45.10240483,-68.65994617
45.10240483,-68.65994617
45.10240483,-68.65994617
45.10240483,-68.65994617
45.10240483,-68.65994617
45.10240483,-68.65994617
45.10240483,-68.65994617
45.10240483,-68.65994617
45.10240483,-68.65994617
45.10240483,-68.65994617
45.10240483,-68.65994617
45.10240483,-68.65994617
45.10240483,-68.65994617
45.10240483,-68.65994617
45.10240483,-68.65994617
45.10240483,-68.65994617
45.10240483,-68.65994617
45.10240483,-68.65994617
45.10240483,-68.65994617
45.10240483,-68.65994617
45.10240483,-68.65994617
45.10240483,-68.65994617
45.102417,-68.65996333
45.102417,-68.65996333
45.102417,-68.65996333
45.102417,-68.65996333
45.102417,-68.65996333
45.102417,-68.65996333
45.102417,-68.65996333
45.102417,-68.65996333
45.102417,-68.65996333
45.102417,-68.65996333
45.102417,-68.65996333
45.102417,-68.65996333
45.102417,-68.65996333
45.102417,-68.65996333
45.102417,-68.65996333
45.102417,-68.65996333
45.102417,-68.65996333
45.102417,-68.65996333
45.102417,-68.65996333
45.102417,-68.65996333
45.102417,-68.65996333
45.102417,-68.65996333
45.102417,-68.65996333
45.102417,-68.65996333
45.102417,-68.65996333
45.10242883,-68.65998117
45.10242883,-68.65998117
45.10242883,-68.65998117
45.10242883,-68.65998117
45.10242883,-68.65998117
45.10242883,-68.65998117
45.10242883,-68.65998117
45.10242883,-68.65998117
45.10242883,-68.65998117
45.10242883,-68.65998117
45.10242883,-68.65998117
45.10242883,-68.65998117
45.10242883,-68.65998117
45.10242883,-68.65998117
45.10242883,-68.65998117
45.10242883,-68.65998117
45.10242883,-68.65998117
45.10242883,-68.65998117
45.10242883,-68.65998117
45.10242883,-68.65998117
45.10242883,-68.65998117
45.10242883,-68.65998117
45.10242883,-68.65998117
45.10242883,-68.65998117
45.10242883,-68.65998117
45.10244633,-68.66000617
45.10244633,-68.66000617
45.10244633,-68.66000617
45.10244633,-68.66000617
45.10244633,-68.66000617
45.10244633,-68.66000617
45.10244633,-68.66000617
45.10244633,-68.66000617
45.10244633,-68.66000617
45.10244633,-68.66000617
45.10244633,-68.66000617
45.10244633,-68.66000617
45.10244633,-68.66000617
45.10244633,-68.66000617
45.10244633,-68.66000617
45.10244633,-68.66000617
45.10244633,-68.66000617
45.10244633,-68.66000617
45.10244633,-68.66000617
45.10244633,-68.66000617
45.10244633,-68.66000617
45.10244633,-68.66000617
45.10244633,-68.66000617
45.10244633,-68.66000617
45.10244633,-68.66000617
45.10245783,-68.660022
45.10245783,-68.660022
45.10245783,-68.660022
45.10245783,-68.660022
45.10245783,-68.660022
45.10245783,-68.660022
45.10245783,-68.660022
45.10245783,-68.660022
45.10245783,-68.660022
45.10245783,-68.660022
45.10245783,-68.660022
45.10245783,-68.660022
45.10245783,-68.660022
45.10245783,-68.660022
45.10245783,-68.660022
45.10245783,-68.660022
45.10245783,-68.660022
45.10245783,-68.660022
45.10245783,-68.660022
45.10245783,-68.660022
45.10245783,-68.660022
45.10245783,-68.660022
45.10245783,-68.660022
45.10245783,-68.660022
45.10245783,-68.660022
45.1024695,-68.66003817
45.1024695,-68.66003817
45.1024695,-68.66003817
45.1024695,-68.66003817
45.1024695,-68.66003817
45.1024695,-68.66003817
45.1024695,-68.66003817
45.1024695,-68.66003817
45.1024695,-68.66003817
45.1024695,-68.66003817
45.1024695,-68.66003817
45.1024695,-68.66003817
45.1024695,-68.66003817
45.1024695,-68.66003817
45.1024695,-68.66003817
45.1024695,-68.66003817
45.1024695,-68.66003817
45.1024695,-68.66003817
45.1024695,-68.66003817
45.1024695,-68.66003817
45.1024695,-68.66003817
45.1024695,-68.66003817
45.1024695,-68.66003817
45.1024695,-68.66003817
45.1024695,-68.66003817
45.10249017,-68.6600645
45.10249017,-68.6600645
45.10249017,-68.6600645
45.10249017,-68.6600645
45.10249017,-68.6600645
45.10249017,-68.6600645
45.10249017,-68.6600645
45.10249017,-68.6600645
45.10249017,-68.6600645
45.10249017,-68.6600645
45.10249017,-68.6600645
45.10249017,-68.6600645
45.10249017,-68.6600645
45.10249017,-68.6600645
45.10249017,-68.6600645
45.10249017,-68.6600645
45.10249017,-68.6600645
45.10249017,-68.6600645
45.10249017,-68.6600645
45.10249017,-68.6600645
45.10249017,-68.6600645
45.10249017,-68.6600645
45.10249017,-68.6600645
45.10249017,-68.6600645
45.10249017,-68.6600645
45.102505,-68.66008317
45.102505,-68.66008317
45.102505,-68.66008317
45.102505,-68.66008317
45.102505,-68.66008317
45.102505,-68.66008317
45.102505,-68.66008317
45.102505,-68.66008317
45.102505,-68.66008317
45.102505,-68.66008317
45.102505,-68.66008317
45.102505,-68.66008317
45.102505,-68.66008317
45.102505,-68.66008317
45.102505,-68.66008317
45.102505,-68.66008317
45.102505,-68.66008317
45.102505,-68.66008317
45.102505,-68.66008317
45.102505,-68.66008317
45.102505,-68.66008317
45.102505,-68.66008317
45.102505,-68.66008317
45.102505,-68.66008317
45.102505,-68.66008317
45.102528,-68.66011233
45.102528,-68.66011233
45.102528,-68.66011233
45.102528,-68.66011233
45.102528,-68.66011233
45.102528,-68.66011233
45.102528,-68.66011233
45.102528,-68.66011233
45.102528,-68.66011233
45.102528,-68.66011233
45.102528,-68.66011233
45.102528,-68.66011233
45.102528,-68.66011233
45.102528,-68.66011233
45.102528,-68.66011233
45.102528,-68.66011233
45.102528,-68.66011233
45.102528,-68.66011233
45.102528,-68.66011233
45.102528,-68.66011233
45.102528,-68.66011233
45.102528,-68.66011233
45.102528,-68.66011233
45.102528,-68.66011233
45.102528,-68.66011233
45.10254383,-68.660132
45.10254383,-68.660132
45.10254383,-68.660132
45.10254383,-68.660132
45.10254383,-68.660132
45.10254383,-68.660132
45.10254383,-68.660132
45.10254383,-68.660132
45.10254383,-68.660132
45.10254383,-68.660132
45.10254383,-68.660132
45.10254383,-68.660132
45.10254383,-68.660132
45.10254383,-68.660132
45.10254383,-68.660132
45.10254383,-68.660132
45.10254383,-68.660132
45.10254383,-68.660132
45.10254383,-68.660132
45.10254383,-68.660132
45.10254383,-68.660132
45.10254383,-68.660132
45.10254383,-68.660132
45.10254383,-68.660132
45.10254383,-68.660132
45.10256033,-68.66015183
45.10256033,-68.66015183
45.10256033,-68.66015183
45.10256033,-68.66015183
45.10256033,-68.66015183
45.10256033,-68.66015183
45.10256033,-68.66015183
45.10256033,-68.66015183
45.10256033,-68.66015183
45.10256033,-68.66015183
45.10256033,-68.66015183
45.10256033,-68.66015183
45.10256033,-68.66015183
45.10256033,-68.66015183
45.10256033,-68.66015183
45.10256033,-68.66015183
45.10256033,-68.66015183
45.10256033,-68.66015183
45.10256033,-68.66015183
45.10256033,-68.66015183
45.10256033,-68.66015183
45.10256033,-68.66015183
45.10256033,-68.66015183
45.10256033,-68.66015183
45.10256033,-68.66015183
45.10258467,-68.6601815
45.10258467,-68.6601815
45.10258467,-68.6601815
45.10258467,-68.6601815
45.10258467,-68.6601815
45.10258467,-68.6601815
45.10258467,-68.6601815
45.10258467,-68.6601815
45.10258467,-68.6601815
45.10258467,-68.6601815
45.10258467,-68.6601815
45.10258467,-68.6601815
45.10258467,-68.6601815
45.10258467,-68.6601815
45.10258467,-68.6601815
45.10258467,-68.6601815
45.10258467,-68.6601815
45.10258467,-68.6601815
45.10258467,-68.6601815
45.10258467,-68.6601815
45.10258467,-68.6601815
45.10258467,-68.6601815
45.10258467,-68.6601815
45.10258467,-68.6601815
45.10258467,-68.6601815
45.10260133,-68.66020117
45.10260133,-68.66020117
45.10260133,-68.66020117
45.10260133,-68.66020117
45.10260133,-68.66020117
45.10260133,-68.66020117
45.10260133,-68.66020117
45.10260133,-68.66020117
45.10260133,-68.66020117
45.10260133,-68.66020117
45.10260133,-68.66020117
45.10260133,-68.66020117
45.10260133,-68.66020117
45.10260133,-68.66020117
45.10260133,-68.66020117
45.10260133,-68.66020117
45.10260133,-68.66020117
45.10260133,-68.66020117
45.10260133,-68.66020117
45.10260133,-68.66020117
45.10260133,-68.66020117
45.10260133,-68.66020117
45.10260133,-68.66020117
45.10260133,-68.66020117
45.10260133,-68.66020117
45.10261783,-68.66022
45.10261783,-68.66022
45.10261783,-68.66022
45.10261783,-68.66022
45.10261783,-68.66022
45.10261783,-68.66022
45.10261783,-68.66022
45.10261783,-68.66022
45.10261783,-68.66022
45.10261783,-68.66022
45.10261783,-68.66022
45.10261783,-68.66022
45.10261783,-68.66022
45.10261783,-68.66022
45.10261783,-68.66022
45.10261783,-68.66022
45.10261783,-68.66022
45.10261783,-68.66022
45.10261783,-68.66022
45.10261783,-68.66022
45.10261783,-68.66022
45.10261783,-68.66022
45.10261783,-68.66022
45.10261783,-68.66022
45.10261783,-68.66022
45.102644,-68.6602475
45.102644,-68.6602475
45.102644,-68.6602475
45.102644,-68.6602475
45.102644,-68.6602475
45.102644,-68.6602475
45.102644,-68.6602475
45.102644,-68.6602475
45.102644,-68.6602475
45.102644,-68.6602475
45.102644,-68.6602475
45.102644,-68.6602475
45.102644,-68.6602475
45.102644,-68.6602475
45.102644,-68.6602475
45.102644,-68.6602475
45.102644,-68.6602475
45.102644,-68.6602475
45.102644,-68.6602475
45.102644,-68.6602475
45.102644,-68.6602475
45.102644,-68.6602475
45.102644,-68.6602475
45.102644,-68.6602475
45.102644,-68.6602475
45.10266133,-68.66026567
45.10266133,-68.66026567
45.10266133,-68.66026567
45.10266133,-68.66026567
45.10266133,-68.66026567
45.10266133,-68.66026567
45.10266133,-68.66026567
45.10266133,-68.66026567
45.10266133,-68.66026567
45.10266133,-68.66026567
45.10266133,-68.66026567
45.10266133,-68.66026567
45.10266133,-68.66026567
45.10266133,-68.66026567
45.10266133,-68.66026567
45.10266133,-68.66026567
45.10266133,-68.66026567
45.10266133,-68.66026567
45.10266133,-68.66026567
45.10266133,-68.66026567
45.10266133,-68.66026567
45.10266133,-68.66026567
45.10266133,-68.66026567
45.10266133,-68.66026567
45.10266133,-68.66026567
45.10267817,-68.66028467
45.10267817,-68.66028467
45.10267817,-68.66028467
45.10267817,-68.66028467
45.10267817,-68.66028467
45.10267817,-68.66028467
45.10267817,-68.66028467
45.10267817,-68.66028467
45.10267817,-68.66028467
45.10267817,-68.66028467
45.10267817,-68.66028467
45.10267817,-68.66028467
45.10267817,-68.66028467
45.10267817,-68.66028467
45.10267817,-68.66028467
45.10267817,-68.66028467
45.10267817,-68.66028467
45.10267817,-68.66028467
45.10267817,-68.66028467
45.10267817,-68.66028467
45.10267817,-68.66028467
45.10267817,-68.66028467
45.10267817,-68.66028467
45.10267817,-68.66028467
45.10267817,-68.66028467
45.10270333,-68.660315
45.10270333,-68.660315
45.10270333,-68.660315
45.10270333,-68.660315
45.10270333,-68.660315
45.10270333,-68.660315
45.10270333,-68.660315
45.10270333,-68.660315
45.10270333,-68.660315
45.10270333,-68.660315
45.10270333,-68.660315
45.10270333,-68.660315
45.10270333,-68.660315
45.10270333,-68.660315
45.10270333,-68.660315
45.10270333,-68.660315
45.10270333,-68.660315
45.10270333,-68.660315
45.10270333,-68.660315
45.10270333,-68.660315
45.10270333,-68.660315
45.10270333,-68.660315
45.10270333,-68.660315
45.10270333,-68.660315
45.10270333,-68.660315
45.10272017,-68.66033517
45.10272017,-68.66033517
45.10272017,-68.66033517
45.10272017,-68.66033517
45.10272017,-68.66033517
45.10272017,-68.66033517
45.10272017,-68.66033517
45.10272017,-68.66033517
45.10272017,-68.66033517
45.10272017,-68.66033517
45.10272017,-68.66033517
45.10272017,-68.66033517
45.10272017,-68.66033517
45.10272017,-68.66033517
45.10272017,-68.66033517
45.10272017,-68.66033517
45.10272017,-68.66033517
45.10272017,-68.66033517
45.10272017,-68.66033517
45.10272017,-68.66033517
45.10272017,-68.66033517
45.10272017,-68.66033517
45.10272017,-68.66033517
45.10272017,-68.66033517
45.10272017,-68.66033517
45.102746,-68.6603645
45.102746,-68.6603645
45.102746,-68.6603645
45.102746,-68.6603645
45.102746,-68.6603645
45.102746,-68.6603645
45.102746,-68.6603645
45.102746,-68.6603645
45.102746,-68.6603645
45.102746,-68.6603645
45.102746,-68.6603645
45.102746,-68.6603645
45.102746,-68.6603645
45.102746,-68.6603645
45.102746,-68.6603645
45.102746,-68.6603645
45.102746,-68.6603645
45.102746,-68.6603645
45.102746,-68.6603645
45.102746,-68.6603645
45.102746,-68.6603645
45.102746,-68.6603645
45.102746,-68.6603645
45.102746,-68.6603645
45.102746,-68.6603645
45.10276333,-68.66038333
45.10276333,-68.66038333
45.10276333,-68.66038333
45.10276333,-68.66038333
45.10276333,-68.66038333
45.10276333,-68.66038333
45.10276333,-68.66038333
45.10276333,-68.66038333
45.10276333,-68.66038333
45.10276333,-68.66038333
45.10276333,-68.66038333
45.10276333,-68.66038333
45.10276333,-68.66038333
45.10276333,-68.66038333
45.10276333,-68.66038333
45.10276333,-68.66038333
45.10276333,-68.66038333
45.10276333,-68.66038333
45.10276333,-68.66038333
45.10276333,-68.66038333
45.10276333,-68.66038333
45.10276333,-68.66038333
45.10276333,-68.66038333
45.10276333,-68.66038333
45.10276333,-68.66038333
45.1027805,-68.66040183
45.1027805,-68.66040183
45.1027805,-68.66040183
45.1027805,-68.66040183
45.1027805,-68.66040183
45.1027805,-68.66040183
45.1027805,-68.66040183
45.1027805,-68.66040183
45.1027805,-68.66040183
45.1027805,-68.66040183
45.1027805,-68.66040183
45.1027805,-68.66040183
45.1027805,-68.66040183
45.1027805,-68.66040183
45.1027805,-68.66040183
45.1027805,-68.66040183
45.1027805,-68.66040183
45.1027805,-68.66040183
45.1027805,-68.66040183
45.1027805,-68.66040183
45.1027805,-68.66040183
45.1027805,-68.66040183
45.1027805,-68.66040183
45.1027805,-68.66040183
45.1027805,-68.66040183
45.1028065,-68.66042917
45.1028065,-68.66042917
45.1028065,-68.66042917
45.1028065,-68.66042917
45.1028065,-68.66042917
45.1028065,-68.66042917
45.1028065,-68.66042917
45.1028065,-68.66042917
45.1028065,-68.66042917
45.1028065,-68.66042917
45.1028065,-68.66042917
45.1028065,-68.66042917
45.1028065,-68.66042917
45.1028065,-68.66042917
45.1028065,-68.66042917
45.1028065,-68.66042917
45.1028065,-68.66042917
45.1028065,-68.66042917
45.1028065,-68.66042917
45.1028065,-68.66042917
45.1028065,-68.66042917
45.1028065,-68.66042917
45.1028065,-68.66042917
45.1028065,-68.66042917
45.1028065,-68.66042917
45.102824,-68.6604465
45.102824,-68.6604465
45.102824,-68.6604465
45.102824,-68.6604465
45.102824,-68.6604465
45.102824,-68.6604465
45.102824,-68.6604465
45.102824,-68.6604465
45.102824,-68.6604465
45.102824,-68.6604465
45.102824,-68.6604465
45.102824,-68.6604465
45.102824,-68.6604465
45.102824,-68.6604465
45.102824,-68.6604465
45.102824,-68.6604465
45.102824,-68.6604465
45.102824,-68.6604465
45.102824,-68.6604465
45.102824,-68.6604465
45.102824,-68.6604465
45.102824,-68.6604465
45.102824,-68.6604465
45.102824,-68.6604465
45.102824,-68.6604465
45.10284167,-68.66046367
45.10284167,-68.66046367
45.10284167,-68.66046367
45.10284167,-68.66046367
45.10284167,-68.66046367
45.10284167,-68.66046367
45.10284167,-68.66046367
45.10284167,-68.66046367
45.10284167,-68.66046367
45.10284167,-68.66046367
45.10284167,-68.66046367
45.10284167,-68.66046367
45.10284167,-68.66046367
45.10284167,-68.66046367
45.10284167,-68.66046367
45.10284167,-68.66046367
45.10284167,-68.66046367
45.10284167,-68.66046367
45.10284167,-68.66046367
45.10284167,-68.66046367
45.10284167,-68.66046367
45.10284167,-68.66046367
45.10284167,-68.66046367
45.10284167,-68.66046367
45.10284167,-68.66046367
45.10286867,-68.660488
45.10286867,-68.660488
45.10286867,-68.660488
45.10286867,-68.660488
45.10286867,-68.660488
45.10286867,-68.660488
45.10286867,-68.660488
45.10286867,-68.660488
45.10286867,-68.660488
45.10286867,-68.660488
45.10286867,-68.660488
45.10286867,-68.660488
45.10286867,-68.660488
45.10286867,-68.660488
45.10286867,-68.660488
45.10286867,-68.660488
45.10286867,-68.660488
45.10286867,-68.660488
45.10286867,-68.660488
45.10286867,-68.660488
45.10286867,-68.660488
45.10286867,-68.660488
45.10286867,-68.660488
45.10286867,-68.660488
45.10286867,-68.660488
45.1028865,-68.66050333
45.1028865,-68.66050333
45.1028865,-68.66050333
45.1028865,-68.66050333
45.1028865,-68.66050333
45.1028865,-68.66050333
45.1028865,-68.66050333
45.1028865,-68.66050333
45.1028865,-68.66050333
45.1028865,-68.66050333
45.1028865,-68.66050333
45.1028865,-68.66050333
45.1028865,-68.66050333
45.1028865,-68.66050333
45.1028865,-68.66050333
45.1028865,-68.66050333
45.1028865,-68.66050333
45.1028865,-68.66050333
45.1028865,-68.66050333
45.1028865,-68.66050333
45.1028865,-68.66050333
45.1028865,-68.66050333
45.1028865,-68.66050333
45.1028865,-68.66050333
45.1028865,-68.66050333
45.10290467,-68.66051883
45.10290467,-68.66051883
45.10290467,-68.66051883
45.10290467,-68.66051883
45.10290467,-68.66051883
45.10290467,-68.66051883
45.10290467,-68.66051883
45.10290467,-68.66051883
45.10290467,-68.66051883
45.10290467,-68.66051883
45.10290467,-68.66051883
45.10290467,-68.66051883
45.10290467,-68.66051883
45.10290467,-68.66051883
45.10290467,-68.66051883
45.10290467,-68.66051883
45.10290467,-68.66051883
45.10290467,-68.66051883
45.10290467,-68.66051883
45.10290467,-68.66051883
45.10290467,-68.66051883
45.10290467,-68.66051883
45.10290467,-68.66051883
45.10290467,-68.66051883
45.10290467,-68.66051883
45.102932,-68.660543
45.102932,-68.660543
45.102932,-68.660543
45.102932,-68.660543
45.102932,-68.660543
45.102932,-68.660543
45.102932,-68.660543
45.102932,-68.660543
45.102932,-68.660543
45.102932,-68.660543
45.102932,-68.660543
45.102932,-68.660543
45.102932,-68.660543
45.102932,-68.660543
45.102932,-68.660543
45.102932,-68.660543
45.102932,-68.660543
45.102932,-68.660543
45.102932,-68.660543
45.102932,-68.660543
45.102932,-68.660543
45.102932,-68.660543
45.102932,-68.660543
45.102932,-68.660543
45.102932,-68.660543
45.10295017,-68.66055967
45.10295017,-68.66055967
45.10295017,-68.66055967
45.10295017,-68.66055967
45.10295017,-68.66055967
45.10295017,-68.66055967
45.10295017,-68.66055967
45.10295017,-68.66055967
45.10295017,-68.66055967
45.10295017,-68.66055967
45.10295017,-68.66055967
45.10295017,-68.66055967
45.10295017,-68.66055967
45.10295017,-68.66055967
45.10295017,-68.66055967
45.10295017,-68.66055967
45.10295017,-68.66055967
45.10295017,-68.66055967
45.10295017,-68.66055967
45.10295017,-68.66055967
45.10295017,-68.66055967
45.10295017,-68.66055967
45.10295017,-68.66055967
45.10295017,-68.66055967
45.10295017,-68.66055967
45.1029685,-68.66057617
45.1029685,-68.66057617
45.1029685,-68.66057617
45.1029685,-68.66057617
45.1029685,-68.66057617
45.1029685,-68.66057617
45.1029685,-68.66057617
45.1029685,-68.66057617
45.1029685,-68.66057617
45.1029685,-68.66057617
45.1029685,-68.66057617
45.1029685,-68.66057617
45.1029685,-68.66057617
45.1029685,-68.66057617
45.1029685,-68.66057617
45.1029685,-68.66057617
45.1029685,-68.66057617
45.1029685,-68.66057617
45.1029685,-68.66057617
45.1029685,-68.66057617
45.1029685,-68.66057617
45.1029685,-68.66057617
45.1029685,-68.66057617
45.1029685,-68.66057617
45.1029685,-68.66057617
45.102996,-68.66059983
45.102996,-68.66059983
45.102996,-68.66059983
45.102996,-68.66059983
45.102996,-68.66059983
45.102996,-68.66059983
45.102996,-68.66059983
45.102996,-68.66059983
45.102996,-68.66059983
45.102996,-68.66059983
45.102996,-68.66059983
45.102996,-68.66059983
45.102996,-68.66059983
45.102996,-68.66059983
45.102996,-68.66059983
45.102996,-68.66059983
45.102996,-68.66059983
45.102996,-68.66059983
45.102996,-68.66059983
45.102996,-68.66059983
45.102996,-68.66059983
45.102996,-68.66059983
45.102996,-68.66059983
45.102996,-68.66059983
45.102996,-68.66059983
45.10301433,-68.66061483
45.10301433,-68.66061483
45.10301433,-68.66061483
45.10301433,-68.66061483
45.10301433,-68.66061483
45.10301433,-68.66061483
45.10301433,-68.66061483
45.10301433,-68.66061483
45.10301433,-68.66061483
45.10301433,-68.66061483
45.10301433,-68.66061483
45.10301433,-68.66061483
45.10301433,-68.66061483
45.10301433,-68.66061483
45.10301433,-68.66061483
45.10301433,-68.66061483
45.10301433,-68.66061483
45.10301433,-68.66061483
45.10301433,-68.66061483
45.10301433,-68.66061483
45.10301433,-68.66061483
45.10301433,-68.66061483
45.10301433,-68.66061483
45.10301433,-68.66061483
45.10301433,-68.66061483
45.10304167,-68.66063617
45.10304167,-68.66063617
45.10304167,-68.66063617
45.10304167,-68.66063617
45.10304167,-68.66063617
45.10304167,-68.66063617
45.10304167,-68.66063617
45.10304167,-68.66063617
45.10304167,-68.66063617
45.10304167,-68.66063617
45.10304167,-68.66063617
45.10304167,-68.66063617
45.10304167,-68.66063617
45.10304167,-68.66063617
45.10304167,-68.66063617
45.10304167,-68.66063617
45.10304167,-68.66063617
45.10304167,-68.66063617
45.10304167,-68.66063617
45.10304167,-68.66063617
45.10304167,-68.66063617
45.10304167,-68.66063617
45.10304167,-68.66063617
45.10304167,-68.66063617
45.10304167,-68.66063617
45.10306017,-68.66064917
45.10306017,-68.66064917
45.10306017,-68.66064917
45.10306017,-68.66064917
45.10306017,-68.66064917
45.10306017,-68.66064917
45.10306017,-68.66064917
45.10306017,-68.66064917
45.10306017,-68.66064917
45.10306017,-68.66064917
45.10306017,-68.66064917
45.10306017,-68.66064917
45.10306017,-68.66064917
45.10306017,-68.66064917
45.10306017,-68.66064917
45.10306017,-68.66064917
45.10306017,-68.66064917
45.10306017,-68.66064917
45.10306017,-68.66064917
45.10306017,-68.66064917
45.10306017,-68.66064917
45.10306017,-68.66064917
45.10306017,-68.66064917
45.10306017,-68.66064917
45.10306017,-68.66064917
45.10307717,-68.660661
45.10307717,-68.660661
45.10307717,-68.660661
45.10307717,-68.660661
45.10307717,-68.660661
45.10307717,-68.660661
45.10307717,-68.660661
45.10307717,-68.660661
45.10307717,-68.660661
45.10307717,-68.660661
45.10307717,-68.660661
45.10307717,-68.660661
45.10307717,-68.660661
45.10307717,-68.660661
45.10307717,-68.660661
45.10307717,-68.660661
45.10307717,-68.660661
45.10307717,-68.660661
45.10307717,-68.660661
45.10307717,-68.660661
45.10307717,-68.660661
45.10307717,-68.660661
45.10307717,-68.660661
45.10307717,-68.660661
45.10307717,-68.660661
45.1031005,-68.6606765
45.1031005,-68.6606765
45.1031005,-68.6606765
45.1031005,-68.6606765
45.1031005,-68.6606765
45.1031005,-68.6606765
45.1031005,-68.6606765
45.1031005,-68.6606765
45.1031005,-68.6606765
45.1031005,-68.6606765
45.1031005,-68.6606765
45.1031005,-68.6606765
45.1031005,-68.6606765
45.1031005,-68.6606765
45.1031005,-68.6606765
45.1031005,-68.6606765
45.1031005,-68.6606765
45.1031005,-68.6606765
45.1031005,-68.6606765
45.1031005,-68.6606765
45.1031005,-68.6606765
45.1031005,-68.6606765
45.1031005,-68.6606765
45.1031005,-68.6606765
45.1031005,-68.6606765
45.1031165,-68.66068633
45.1031165,-68.66068633
45.1031165,-68.66068633
45.1031165,-68.66068633
45.1031165,-68.66068633
45.1031165,-68.66068633
45.1031165,-68.66068633
45.1031165,-68.66068633
45.1031165,-68.66068633
45.1031165,-68.66068633
45.1031165,-68.66068633
45.1031165,-68.66068633
45.1031165,-68.66068633
45.1031165,-68.66068633
45.1031165,-68.66068633
45.1031165,-68.66068633
45.1031165,-68.66068633
45.1031165,-68.66068633
45.1031165,-68.66068633
45.1031165,-68.66068633
45.1031165,-68.66068633
45.1031165,-68.66068633
45.1031165,-68.66068633
45.1031165,-68.66068633
45.1031165,-68.66068633
45.10313217,-68.66069617
45.10313217,-68.66069617
45.10313217,-68.66069617
45.10313217,-68.66069617
45.10313217,-68.66069617
45.10313217,-68.66069617
45.10313217,-68.66069617
45.10313217,-68.66069617
45.10313217,-68.66069617
45.10313217,-68.66069617
45.10313217,-68.66069617
45.10313217,-68.66069617
45.10313217,-68.66069617
45.10313217,-68.66069617
45.10313217,-68.66069617
45.10313217,-68.66069617
45.10313217,-68.66069617
45.10313217,-68.66069617
45.10313217,-68.66069617
45.10313217,-68.66069617
45.10313217,-68.66069617
45.10313217,-68.66069617
45.10313217,-68.66069617
45.10313217,-68.66069617
45.10313217,-68.66069617
45.10315533,-68.66070833
45.10315533,-68.66070833
45.10315533,-68.66070833
45.10315533,-68.66070833
45.10315533,-68.66070833
45.10315533,-68.66070833
45.10315533,-68.66070833
45.10315533,-68.66070833
45.10315533,-68.66070833
45.10315533,-68.66070833
45.10315533,-68.66070833
45.10315533,-68.66070833
45.10315533,-68.66070833
45.10315533,-68.66070833
45.10315533,-68.66070833
45.10315533,-68.66070833
45.10315533,-68.66070833
45.10315533,-68.66070833
45.10315533,-68.66070833
45.10315533,-68.66070833
45.10315533,-68.66070833
45.10315533,-68.66070833
45.10315533,-68.66070833
45.10315533,-68.66070833
45.10315533,-68.66070833
45.10317033,-68.660716
45.10317033,-68.660716
45.10317033,-68.660716
45.10317033,-68.660716
45.10317033,-68.660716
45.10317033,-68.660716
45.10317033,-68.660716
45.10317033,-68.660716
45.10317033,-68.660716
45.10317033,-68.660716
45.10317033,-68.660716
45.10317033,-68.660716
45.10317033,-68.660716
45.10317033,-68.660716
45.10317033,-68.660716
45.10317033,-68.660716
45.10317033,-68.660716
45.10317033,-68.660716
45.10317033,-68.660716
45.10317033,-68.660716
45.10317033,-68.660716
45.10317033,-68.660716
45.10317033,-68.660716
45.10317033,-68.660716
45.10317033,-68.660716
45.10318617,-68.6607235
45.10318617,-68.6607235
45.10318617,-68.6607235
45.10318617,-68.6607235
45.10318617,-68.6607235
45.10318617,-68.6607235
45.10318617,-68.6607235
45.10318617,-68.6607235
45.10318617,-68.6607235
45.10318617,-68.6607235
45.10318617,-68.6607235
45.10318617,-68.6607235
45.10318617,-68.6607235
45.10318617,-68.6607235
45.10318617,-68.6607235
45.10318617,-68.6607235
45.10318617,-68.6607235
45.10318617,-68.6607235
45.10318617,-68.6607235
45.10318617,-68.6607235
45.10318617,-68.6607235
45.10318617,-68.6607235
45.10318617,-68.6607235
45.10318617,-68.6607235
45.10318617,-68.6607235
45.10320967,-68.6607355
45.10320967,-68.6607355
45.10320967,-68.6607355
45.10320967,-68.6607355
45.10320967,-68.6607355
45.10320967,-68.6607355
45.10320967,-68.6607355
45.10320967,-68.6607355
45.10320967,-68.6607355
45.10320967,-68.6607355
45.10320967,-68.6607355
45.10320967,-68.6607355
45.10320967,-68.6607355
45.10320967,-68.6607355
45.10320967,-68.6607355
45.10320967,-68.6607355
45.10320967,-68.6607355
45.10320967,-68.6607355
45.10320967,-68.6607355
45.10320967,-68.6607355
45.10320967,-68.6607355
45.10320967,-68.6607355
45.10320967,-68.6607355
45.10320967,-68.6607355
45.10320967,-68.6607355
45.10322533,-68.660743
45.10322533,-68.660743
45.10322533,-68.660743
45.10322533,-68.660743
45.10322533,-68.660743
45.10322533,-68.660743
45.10322533,-68.660743
45.10322533,-68.660743
45.10322533,-68.660743
45.10322533,-68.660743
45.10322533,-68.660743
45.10322533,-68.660743
45.10322533,-68.660743
45.10322533,-68.660743
45.10322533,-68.660743
45.10322533,-68.660743
45.10322533,-68.660743
45.10322533,-68.660743
45.10322533,-68.660743
45.10322533,-68.660743
45.10322533,-68.660743
45.10322533,-68.660743
45.10322533,-68.660743
45.10322533,-68.660743
45.10322533,-68.660743
45.1032485,-68.66075283
45.1032485,-68.66075283
45.1032485,-68.66075283
45.1032485,-68.66075283
45.1032485,-68.66075283
45.1032485,-68.66075283
45.1032485,-68.66075283
45.1032485,-68.66075283
45.1032485,-68.66075283
45.1032485,-68.66075283
45.1032485,-68.66075283
45.1032485,-68.66075283
45.1032485,-68.66075283
45.1032485,-68.66075283
45.1032485,-68.66075283
45.1032485,-68.66075283
45.1032485,-68.66075283
45.1032485,-68.66075283
45.1032485,-68.66075283
45.1032485,-68.66075283
45.1032485,-68.66075283
45.1032485,-68.66075283
45.1032485,-68.66075283
45.1032485,-68.66075283
45.1032485,-68.66075283
45.10326467,-68.6607585
45.10326467,-68.6607585
45.10326467,-68.6607585
45.10326467,-68.6607585
45.10326467,-68.6607585
45.10326467,-68.6607585
45.10326467,-68.6607585
45.10326467,-68.6607585
45.10326467,-68.6607585
45.10326467,-68.6607585
45.10326467,-68.6607585
45.10326467,-68.6607585
45.10326467,-68.6607585
45.10326467,-68.6607585
45.10326467,-68.6607585
45.10326467,-68.6607585
45.10326467,-68.6607585
45.10326467,-68.6607585
45.10326467,-68.6607585
45.10326467,-68.6607585
45.10326467,-68.6607585
45.10326467,-68.6607585
45.10326467,-68.6607585
45.10326467,-68.6607585
45.10326467,-68.6607585
45.10328117,-68.66076417
45.10328117,-68.66076417
45.10328117,-68.66076417
45.10328117,-68.66076417
45.10328117,-68.66076417
45.10328117,-68.66076417
45.10328117,-68.66076417
45.10328117,-68.66076417
45.10328117,-68.66076417
45.10328117,-68.66076417
45.10328117,-68.66076417
45.10328117,-68.66076417
45.10328117,-68.66076417
45.10328117,-68.66076417
45.10328117,-68.66076417
45.10328117,-68.66076417
45.10328117,-68.66076417
45.10328117,-68.66076417
45.10328117,-68.66076417
45.10328117,-68.66076417
45.10328117,-68.66076417
45.10328117,-68.66076417
45.10328117,-68.66076417
45.10328117,-68.66076417
45.10328117,-68.66076417
45.10329767,-68.66077067
45.10329767,-68.66077067
45.10329767,-68.66077067
45.10329767,-68.66077067
45.10329767,-68.66077067
45.10329767,-68.66077067
45.10329767,-68.66077067
45.10329767,-68.66077067
45.10329767,-68.66077067
45.10329767,-68.66077067
45.10329767,-68.66077067
45.10329767,-68.66077067
45.10329767,-68.66077067
45.10329767,-68.66077067
45.10329767,-68.66077067
45.10329767,-68.66077067
45.10329767,-68.66077067
45.10329767,-68.66077067
45.10329767,-68.66077067
45.10329767,-68.66077067
45.10329767,-68.66077067
45.10329767,-68.66077067
45.10329767,-68.66077067
45.10329767,-68.66077067
45.10329767,-68.66077067
