Var1,Var2
45.10025883,-68.660889
45.10025883,-68.660889
45.10025883,-68.660889
45.10025883,-68.660889
45.10025883,-68.660889
45.10025883,-68.660889
45.10025883,-68.660889
45.10025883,-68.660889
45.10025883,-68.660889
45.10025883,-68.660889
45.10025883,-68.660889
45.10025883,-68.660889
45.10025883,-68.660889
45.10025883,-68.660889
45.10025883,-68.660889
45.10025883,-68.660889
45.10025883,-68.660889
45.10025883,-68.660889
45.10025883,-68.660889
45.10025883,-68.660889
45.10025883,-68.660889
45.10025883,-68.660889
45.10025883,-68.660889
45.10025883,-68.660889
45.10025883,-68.660889
45.10024217,-68.660909
45.10024217,-68.660909
45.10024217,-68.660909
45.10024217,-68.660909
45.10024217,-68.660909
45.10024217,-68.660909
45.10024217,-68.660909
45.10024217,-68.660909
45.10024217,-68.660909
45.10024217,-68.660909
45.10024217,-68.660909
45.10024217,-68.660909
45.10024217,-68.660909
45.10024217,-68.660909
45.10024217,-68.660909
45.10024217,-68.660909
45.10024217,-68.660909
45.10024217,-68.660909
45.10024217,-68.660909
45.10024217,-68.660909
45.10024217,-68.660909
45.10024217,-68.660909
45.10024217,-68.660909
45.10024217,-68.660909
45.10024217,-68.660909
45.10023183,-68.66092867
45.10023183,-68.66092867
45.10023183,-68.66092867
45.10023183,-68.66092867
45.10023183,-68.66092867
45.10023183,-68.66092867
45.10023183,-68.66092867
45.10023183,-68.66092867
45.10023183,-68.66092867
45.10023183,-68.66092867
45.10023183,-68.66092867
45.10023183,-68.66092867
45.10023183,-68.66092867
45.10023183,-68.66092867
45.10023183,-68.66092867
45.10023183,-68.66092867
45.10023183,-68.66092867
45.10023183,-68.66092867
45.10023183,-68.66092867
45.10023183,-68.66092867
45.10023183,-68.66092867
45.10023183,-68.66092867
45.10023183,-68.66092867
45.10023183,-68.66092867
45.10023183,-68.66092867
45.10021583,-68.6609655
45.10021583,-68.6609655
45.10021583,-68.6609655
45.10021583,-68.6609655
45.10021583,-68.6609655
45.10021583,-68.6609655
45.10021583,-68.6609655
45.10021583,-68.6609655
45.10021583,-68.6609655
45.10021583,-68.6609655
45.10021583,-68.6609655
45.10021583,-68.6609655
45.10021583,-68.6609655
45.10021583,-68.6609655
45.10021583,-68.6609655
45.10021583,-68.6609655
45.10021583,-68.6609655
45.10021583,-68.6609655
45.10021583,-68.6609655
45.10021583,-68.6609655
45.10021583,-68.6609655
45.10021583,-68.6609655
45.10021583,-68.6609655
45.10021583,-68.6609655
45.10021583,-68.6609655
45.10020567,-68.66099283
45.10020567,-68.66099283
45.10020567,-68.66099283
45.10020567,-68.66099283
45.10020567,-68.66099283
45.10020567,-68.66099283
45.10020567,-68.66099283
45.10020567,-68.66099283
45.10020567,-68.66099283
45.10020567,-68.66099283
45.10020567,-68.66099283
45.10020567,-68.66099283
45.10020567,-68.66099283
45.10020567,-68.66099283
45.10020567,-68.66099283
45.10020567,-68.66099283
45.10020567,-68.66099283
45.10020567,-68.66099283
45.10020567,-68.66099283
45.10020567,-68.66099283
45.10020567,-68.66099283
45.10020567,-68.66099283
45.10020567,-68.66099283
45.10020567,-68.66099283
45.10020567,-68.66099283
45.10019767,-68.66101967
45.10019767,-68.66101967
45.10019767,-68.66101967
45.10019767,-68.66101967
45.10019767,-68.66101967
45.10019767,-68.66101967
45.10019767,-68.66101967
45.10019767,-68.66101967
45.10019767,-68.66101967
45.10019767,-68.66101967
45.10019767,-68.66101967
45.10019767,-68.66101967
45.10019767,-68.66101967
45.10019767,-68.66101967
45.10019767,-68.66101967
45.10019767,-68.66101967
45.10019767,-68.66101967
45.10019767,-68.66101967
45.10019767,-68.66101967
45.10019767,-68.66101967
45.10019767,-68.66101967
45.10019767,-68.66101967
45.10019767,-68.66101967
45.10019767,-68.66101967
45.10019767,-68.66101967
45.10018583,-68.6610595
45.10018583,-68.6610595
45.10018583,-68.6610595
45.10018583,-68.6610595
45.10018583,-68.6610595
45.10018583,-68.6610595
45.10018583,-68.6610595
45.10018583,-68.6610595
45.10018583,-68.6610595
45.10018583,-68.6610595
45.10018583,-68.6610595
45.10018583,-68.6610595
45.10018583,-68.6610595
45.10018583,-68.6610595
45.10018583,-68.6610595
45.10018583,-68.6610595
45.10018583,-68.6610595
45.10018583,-68.6610595
45.10018583,-68.6610595
45.10018583,-68.6610595
45.10018583,-68.6610595
45.10018583,-68.6610595
45.10018583,-68.6610595
45.10018583,-68.6610595
45.10018583,-68.6610595
45.1001785,-68.66108483
45.1001785,-68.66108483
45.1001785,-68.66108483
45.1001785,-68.66108483
45.1001785,-68.66108483
45.1001785,-68.66108483
45.1001785,-68.66108483
45.1001785,-68.66108483
45.1001785,-68.66108483
45.1001785,-68.66108483
45.1001785,-68.66108483
45.1001785,-68.66108483
45.1001785,-68.66108483
45.1001785,-68.66108483
45.1001785,-68.66108483
45.1001785,-68.66108483
45.1001785,-68.66108483
45.1001785,-68.66108483
45.1001785,-68.66108483
45.1001785,-68.66108483
45.1001785,-68.66108483
45.1001785,-68.66108483
45.1001785,-68.66108483
45.1001785,-68.66108483
45.1001785,-68.66108483
45.10017233,-68.661109
45.10017233,-68.661109
45.10017233,-68.661109
45.10017233,-68.661109
45.10017233,-68.661109
45.10017233,-68.661109
45.10017233,-68.661109
45.10017233,-68.661109
45.10017233,-68.661109
45.10017233,-68.661109
45.10017233,-68.661109
45.10017233,-68.661109
45.10017233,-68.661109
45.10017233,-68.661109
45.10017233,-68.661109
45.10017233,-68.661109
45.10017233,-68.661109
45.10017233,-68.661109
45.10017233,-68.661109
45.10017233,-68.661109
45.10017233,-68.661109
45.10017233,-68.661109
45.10017233,-68.661109
45.10017233,-68.661109
45.10017233,-68.661109
45.10016333,-68.66114533
45.10016333,-68.66114533
45.10016333,-68.66114533
45.10016333,-68.66114533
45.10016333,-68.66114533
45.10016333,-68.66114533
45.10016333,-68.66114533
45.10016333,-68.66114533
45.10016333,-68.66114533
45.10016333,-68.66114533
45.10016333,-68.66114533
45.10016333,-68.66114533
45.10016333,-68.66114533
45.10016333,-68.66114533
45.10016333,-68.66114533
45.10016333,-68.66114533
45.10016333,-68.66114533
45.10016333,-68.66114533
45.10016333,-68.66114533
45.10016333,-68.66114533
45.10016333,-68.66114533
45.10016333,-68.66114533
45.10016333,-68.66114533
45.10016333,-68.66114533
45.10016333,-68.66114533
45.10015767,-68.66116967
45.10015767,-68.66116967
45.10015767,-68.66116967
45.10015767,-68.66116967
45.10015767,-68.66116967
45.10015767,-68.66116967
45.10015767,-68.66116967
45.10015767,-68.66116967
45.10015767,-68.66116967
45.10015767,-68.66116967
45.10015767,-68.66116967
45.10015767,-68.66116967
45.10015767,-68.66116967
45.10015767,-68.66116967
45.10015767,-68.66116967
45.10015767,-68.66116967
45.10015767,-68.66116967
45.10015767,-68.66116967
45.10015767,-68.66116967
45.10015767,-68.66116967
45.10015767,-68.66116967
45.10015767,-68.66116967
45.10015767,-68.66116967
45.10015767,-68.66116967
45.10015767,-68.66116967
45.10015067,-68.661195
45.10015067,-68.661195
45.10015067,-68.661195
45.10015067,-68.661195
45.10015067,-68.661195
45.10015067,-68.661195
45.10015067,-68.661195
45.10015067,-68.661195
45.10015067,-68.661195
45.10015067,-68.661195
45.10015067,-68.661195
45.10015067,-68.661195
45.10015067,-68.661195
45.10015067,-68.661195
45.10015067,-68.661195
45.10015067,-68.661195
45.10015067,-68.661195
45.10015067,-68.661195
45.10015067,-68.661195
45.10015067,-68.661195
45.10015067,-68.661195
45.10015067,-68.661195
45.10015067,-68.661195
45.10015067,-68.661195
45.10015067,-68.661195
45.10014233,-68.66123533
45.10014233,-68.66123533
45.10014233,-68.66123533
45.10014233,-68.66123533
45.10014233,-68.66123533
45.10014233,-68.66123533
45.10014233,-68.66123533
45.10014233,-68.66123533
45.10014233,-68.66123533
45.10014233,-68.66123533
45.10014233,-68.66123533
45.10014233,-68.66123533
45.10014233,-68.66123533
45.10014233,-68.66123533
45.10014233,-68.66123533
45.10014233,-68.66123533
45.10014233,-68.66123533
45.10014233,-68.66123533
45.10014233,-68.66123533
45.10014233,-68.66123533
45.10014233,-68.66123533
45.10014233,-68.66123533
45.10014233,-68.66123533
45.10014233,-68.66123533
45.10014233,-68.66123533
45.100136,-68.66126417
45.100136,-68.66126417
45.100136,-68.66126417
45.100136,-68.66126417
45.100136,-68.66126417
45.100136,-68.66126417
45.100136,-68.66126417
45.100136,-68.66126417
45.100136,-68.66126417
45.100136,-68.66126417
45.100136,-68.66126417
45.100136,-68.66126417
45.100136,-68.66126417
45.100136,-68.66126417
45.100136,-68.66126417
45.100136,-68.66126417
45.100136,-68.66126417
45.100136,-68.66126417
45.100136,-68.66126417
45.100136,-68.66126417
45.100136,-68.66126417
45.100136,-68.66126417
45.100136,-68.66126417
45.100136,-68.66126417
45.100136,-68.66126417
45.10012583,-68.66131017
45.10012583,-68.66131017
45.10012583,-68.66131017
45.10012583,-68.66131017
45.10012583,-68.66131017
45.10012583,-68.66131017
45.10012583,-68.66131017
45.10012583,-68.66131017
45.10012583,-68.66131017
45.10012583,-68.66131017
45.10012583,-68.66131017
45.10012583,-68.66131017
45.10012583,-68.66131017
45.10012583,-68.66131017
45.10012583,-68.66131017
45.10012583,-68.66131017
45.10012583,-68.66131017
45.10012583,-68.66131017
45.10012583,-68.66131017
45.10012583,-68.66131017
45.10012583,-68.66131017
45.10012583,-68.66131017
45.10012583,-68.66131017
45.10012583,-68.66131017
45.10012583,-68.66131017
45.10011933,-68.66134117
45.10011933,-68.66134117
45.10011933,-68.66134117
45.10011933,-68.66134117
45.10011933,-68.66134117
45.10011933,-68.66134117
45.10011933,-68.66134117
45.10011933,-68.66134117
45.10011933,-68.66134117
45.10011933,-68.66134117
45.10011933,-68.66134117
45.10011933,-68.66134117
45.10011933,-68.66134117
45.10011933,-68.66134117
45.10011933,-68.66134117
45.10011933,-68.66134117
45.10011933,-68.66134117
45.10011933,-68.66134117
45.10011933,-68.66134117
45.10011933,-68.66134117
45.10011933,-68.66134117
45.10011933,-68.66134117
45.10011933,-68.66134117
45.10011933,-68.66134117
45.10011933,-68.66134117
45.1001125,-68.66137033
45.1001125,-68.66137033
45.1001125,-68.66137033
45.1001125,-68.66137033
45.1001125,-68.66137033
45.1001125,-68.66137033
45.1001125,-68.66137033
45.1001125,-68.66137033
45.1001125,-68.66137033
45.1001125,-68.66137033
45.1001125,-68.66137033
45.1001125,-68.66137033
45.1001125,-68.66137033
45.1001125,-68.66137033
45.1001125,-68.66137033
45.1001125,-68.66137033
45.1001125,-68.66137033
45.1001125,-68.66137033
45.1001125,-68.66137033
45.1001125,-68.66137033
45.1001125,-68.66137033
45.1001125,-68.66137033
45.1001125,-68.66137033
45.1001125,-68.66137033
45.1001125,-68.66137033
45.10010233,-68.661412
45.10010233,-68.661412
45.10010233,-68.661412
45.10010233,-68.661412
45.10010233,-68.661412
45.10010233,-68.661412
45.10010233,-68.661412
45.10010233,-68.661412
45.10010233,-68.661412
45.10010233,-68.661412
45.10010233,-68.661412
45.10010233,-68.661412
45.10010233,-68.661412
45.10010233,-68.661412
45.10010233,-68.661412
45.10010233,-68.661412
45.10010233,-68.661412
45.10010233,-68.661412
45.10010233,-68.661412
45.10010233,-68.661412
45.10010233,-68.661412
45.10010233,-68.661412
45.10010233,-68.661412
45.10010233,-68.661412
45.10010233,-68.661412
45.10009567,-68.66143817
45.10009567,-68.66143817
45.10009567,-68.66143817
45.10009567,-68.66143817
45.10009567,-68.66143817
45.10009567,-68.66143817
45.10009567,-68.66143817
45.10009567,-68.66143817
45.10009567,-68.66143817
45.10009567,-68.66143817
45.10009567,-68.66143817
45.10009567,-68.66143817
45.10009567,-68.66143817
45.10009567,-68.66143817
45.10009567,-68.66143817
45.10009567,-68.66143817
45.10009567,-68.66143817
45.10009567,-68.66143817
45.10009567,-68.66143817
45.10009567,-68.66143817
45.10009567,-68.66143817
45.10009567,-68.66143817
45.10009567,-68.66143817
45.10009567,-68.66143817
45.10009567,-68.66143817
45.10008933,-68.66146333
45.10008933,-68.66146333
45.10008933,-68.66146333
45.10008933,-68.66146333
45.10008933,-68.66146333
45.10008933,-68.66146333
45.10008933,-68.66146333
45.10008933,-68.66146333
45.10008933,-68.66146333
45.10008933,-68.66146333
45.10008933,-68.66146333
45.10008933,-68.66146333
45.10008933,-68.66146333
45.10008933,-68.66146333
45.10008933,-68.66146333
45.10008933,-68.66146333
45.10008933,-68.66146333
45.10008933,-68.66146333
45.10008933,-68.66146333
45.10008933,-68.66146333
45.10008933,-68.66146333
45.10008933,-68.66146333
45.10008933,-68.66146333
45.10008933,-68.66146333
45.10008933,-68.66146333
45.10008217,-68.661502
45.10008217,-68.661502
45.10008217,-68.661502
45.10008217,-68.661502
45.10008217,-68.661502
45.10008217,-68.661502
45.10008217,-68.661502
45.10008217,-68.661502
45.10008217,-68.661502
45.10008217,-68.661502
45.10008217,-68.661502
45.10008217,-68.661502
45.10008217,-68.661502
45.10008217,-68.661502
45.10008217,-68.661502
45.10008217,-68.661502
45.10008217,-68.661502
45.10008217,-68.661502
45.10008217,-68.661502
45.10008217,-68.661502
45.10008217,-68.661502
45.10008217,-68.661502
45.10008217,-68.661502
45.10008217,-68.661502
45.10008217,-68.661502
45.1000775,-68.6615285
45.1000775,-68.6615285
45.1000775,-68.6615285
45.1000775,-68.6615285
45.1000775,-68.6615285
45.1000775,-68.6615285
45.1000775,-68.6615285
45.1000775,-68.6615285
45.1000775,-68.6615285
45.1000775,-68.6615285
45.1000775,-68.6615285
45.1000775,-68.6615285
45.1000775,-68.6615285
45.1000775,-68.6615285
45.1000775,-68.6615285
45.1000775,-68.6615285
45.1000775,-68.6615285
45.1000775,-68.6615285
45.1000775,-68.6615285
45.1000775,-68.6615285
45.1000775,-68.6615285
45.1000775,-68.6615285
45.1000775,-68.6615285
45.1000775,-68.6615285
45.1000775,-68.6615285
45.10007433,-68.66155633
45.10007433,-68.66155633
45.10007433,-68.66155633
45.10007433,-68.66155633
45.10007433,-68.66155633
45.10007433,-68.66155633
45.10007433,-68.66155633
45.10007433,-68.66155633
45.10007433,-68.66155633
45.10007433,-68.66155633
45.10007433,-68.66155633
45.10007433,-68.66155633
45.10007433,-68.66155633
45.10007433,-68.66155633
45.10007433,-68.66155633
45.10007433,-68.66155633
45.10007433,-68.66155633
45.10007433,-68.66155633
45.10007433,-68.66155633
45.10007433,-68.66155633
45.10007433,-68.66155633
45.10007433,-68.66155633
45.10007433,-68.66155633
45.10007433,-68.66155633
45.10007433,-68.66155633
45.10006833,-68.6615995
45.10006833,-68.6615995
45.10006833,-68.6615995
45.10006833,-68.6615995
45.10006833,-68.6615995
45.10006833,-68.6615995
45.10006833,-68.6615995
45.10006833,-68.6615995
45.10006833,-68.6615995
45.10006833,-68.6615995
45.10006833,-68.6615995
45.10006833,-68.6615995
45.10006833,-68.6615995
45.10006833,-68.6615995
45.10006833,-68.6615995
45.10006833,-68.6615995
45.10006833,-68.6615995
45.10006833,-68.6615995
45.10006833,-68.6615995
45.10006833,-68.6615995
45.10006833,-68.6615995
45.10006833,-68.6615995
45.10006833,-68.6615995
45.10006833,-68.6615995
45.10006833,-68.6615995
45.10006383,-68.66162917
45.10006383,-68.66162917
45.10006383,-68.66162917
45.10006383,-68.66162917
45.10006383,-68.66162917
45.10006383,-68.66162917
45.10006383,-68.66162917
45.10006383,-68.66162917
45.10006383,-68.66162917
45.10006383,-68.66162917
45.10006383,-68.66162917
45.10006383,-68.66162917
45.10006383,-68.66162917
45.10006383,-68.66162917
45.10006383,-68.66162917
45.10006383,-68.66162917
45.10006383,-68.66162917
45.10006383,-68.66162917
45.10006383,-68.66162917
45.10006383,-68.66162917
45.10006383,-68.66162917
45.10006383,-68.66162917
45.10006383,-68.66162917
45.10006383,-68.66162917
45.10006383,-68.66162917
45.1000595,-68.661658
45.1000595,-68.661658
45.1000595,-68.661658
45.1000595,-68.661658
45.1000595,-68.661658
45.1000595,-68.661658
45.1000595,-68.661658
45.1000595,-68.661658
45.1000595,-68.661658
45.1000595,-68.661658
45.1000595,-68.661658
45.1000595,-68.661658
45.1000595,-68.661658
45.1000595,-68.661658
45.1000595,-68.661658
45.1000595,-68.661658
45.1000595,-68.661658
45.1000595,-68.661658
45.1000595,-68.661658
45.1000595,-68.661658
45.1000595,-68.661658
45.1000595,-68.661658
45.1000595,-68.661658
45.1000595,-68.661658
45.1000595,-68.661658
45.10005167,-68.66170133
45.10005167,-68.66170133
45.10005167,-68.66170133
45.10005167,-68.66170133
45.10005167,-68.66170133
45.10005167,-68.66170133
45.10005167,-68.66170133
45.10005167,-68.66170133
45.10005167,-68.66170133
45.10005167,-68.66170133
45.10005167,-68.66170133
45.10005167,-68.66170133
45.10005167,-68.66170133
45.10005167,-68.66170133
45.10005167,-68.66170133
45.10005167,-68.66170133
45.10005167,-68.66170133
45.10005167,-68.66170133
45.10005167,-68.66170133
45.10005167,-68.66170133
45.10005167,-68.66170133
45.10005167,-68.66170133
45.10005167,-68.66170133
45.10005167,-68.66170133
45.10005167,-68.66170133
45.10004717,-68.66173033
45.10004717,-68.66173033
45.10004717,-68.66173033
45.10004717,-68.66173033
45.10004717,-68.66173033
45.10004717,-68.66173033
45.10004717,-68.66173033
45.10004717,-68.66173033
45.10004717,-68.66173033
45.10004717,-68.66173033
45.10004717,-68.66173033
45.10004717,-68.66173033
45.10004717,-68.66173033
45.10004717,-68.66173033
45.10004717,-68.66173033
45.10004717,-68.66173033
45.10004717,-68.66173033
45.10004717,-68.66173033
45.10004717,-68.66173033
45.10004717,-68.66173033
45.10004717,-68.66173033
45.10004717,-68.66173033
45.10004717,-68.66173033
45.10004717,-68.66173033
45.10004717,-68.66173033
45.10004183,-68.66177483
45.10004183,-68.66177483
45.10004183,-68.66177483
45.10004183,-68.66177483
45.10004183,-68.66177483
45.10004183,-68.66177483
45.10004183,-68.66177483
45.10004183,-68.66177483
45.10004183,-68.66177483
45.10004183,-68.66177483
45.10004183,-68.66177483
45.10004183,-68.66177483
45.10004183,-68.66177483
45.10004183,-68.66177483
45.10004183,-68.66177483
45.10004183,-68.66177483
45.10004183,-68.66177483
45.10004183,-68.66177483
45.10004183,-68.66177483
45.10004183,-68.66177483
45.10004183,-68.66177483
45.10004183,-68.66177483
45.10004183,-68.66177483
45.10004183,-68.66177483
45.10004183,-68.66177483
45.1000385,-68.66180533
45.1000385,-68.66180533
45.1000385,-68.66180533
45.1000385,-68.66180533
45.1000385,-68.66180533
45.1000385,-68.66180533
45.1000385,-68.66180533
45.1000385,-68.66180533
45.1000385,-68.66180533
45.1000385,-68.66180533
45.1000385,-68.66180533
45.1000385,-68.66180533
45.1000385,-68.66180533
45.1000385,-68.66180533
45.1000385,-68.66180533
45.1000385,-68.66180533
45.1000385,-68.66180533
45.1000385,-68.66180533
45.1000385,-68.66180533
45.1000385,-68.66180533
45.1000385,-68.66180533
45.1000385,-68.66180533
45.1000385,-68.66180533
45.1000385,-68.66180533
45.1000385,-68.66180533
45.100036,-68.6618335
45.100036,-68.6618335
45.100036,-68.6618335
45.100036,-68.6618335
45.100036,-68.6618335
45.100036,-68.6618335
45.100036,-68.6618335
45.100036,-68.6618335
45.100036,-68.6618335
45.100036,-68.6618335
45.100036,-68.6618335
45.100036,-68.6618335
45.100036,-68.6618335
45.100036,-68.6618335
45.100036,-68.6618335
45.100036,-68.6618335
45.100036,-68.6618335
45.100036,-68.6618335
45.100036,-68.6618335
45.100036,-68.6618335
45.100036,-68.6618335
45.100036,-68.6618335
45.100036,-68.6618335
45.100036,-68.6618335
45.100036,-68.6618335
45.1000335,-68.66187667
45.1000335,-68.66187667
45.1000335,-68.66187667
45.1000335,-68.66187667
45.1000335,-68.66187667
45.1000335,-68.66187667
45.1000335,-68.66187667
45.1000335,-68.66187667
45.1000335,-68.66187667
45.1000335,-68.66187667
45.1000335,-68.66187667
45.1000335,-68.66187667
45.1000335,-68.66187667
45.1000335,-68.66187667
45.1000335,-68.66187667
45.1000335,-68.66187667
45.1000335,-68.66187667
45.1000335,-68.66187667
45.1000335,-68.66187667
45.1000335,-68.66187667
45.1000335,-68.66187667
45.1000335,-68.66187667
45.1000335,-68.66187667
45.1000335,-68.66187667
45.1000335,-68.66187667
45.10003117,-68.66190433
45.10003117,-68.66190433
45.10003117,-68.66190433
45.10003117,-68.66190433
45.10003117,-68.66190433
45.10003117,-68.66190433
45.10003117,-68.66190433
45.10003117,-68.66190433
45.10003117,-68.66190433
45.10003117,-68.66190433
45.10003117,-68.66190433
45.10003117,-68.66190433
45.10003117,-68.66190433
45.10003117,-68.66190433
45.10003117,-68.66190433
45.10003117,-68.66190433
45.10003117,-68.66190433
45.10003117,-68.66190433
45.10003117,-68.66190433
45.10003117,-68.66190433
45.10003117,-68.66190433
45.10003117,-68.66190433
45.10003117,-68.66190433
45.10003117,-68.66190433
45.10003117,-68.66190433
45.10002917,-68.66193067
45.10002917,-68.66193067
45.10002917,-68.66193067
45.10002917,-68.66193067
45.10002917,-68.66193067
45.10002917,-68.66193067
45.10002917,-68.66193067
45.10002917,-68.66193067
45.10002917,-68.66193067
45.10002917,-68.66193067
45.10002917,-68.66193067
45.10002917,-68.66193067
45.10002917,-68.66193067
45.10002917,-68.66193067
45.10002917,-68.66193067
45.10002917,-68.66193067
45.10002917,-68.66193067
45.10002917,-68.66193067
45.10002917,-68.66193067
45.10002917,-68.66193067
45.10002917,-68.66193067
45.10002917,-68.66193067
45.10002917,-68.66193067
45.10002917,-68.66193067
45.10002917,-68.66193067
45.10002617,-68.6619665
45.10002617,-68.6619665
45.10002617,-68.6619665
45.10002617,-68.6619665
45.10002617,-68.6619665
45.10002617,-68.6619665
45.10002617,-68.6619665
45.10002617,-68.6619665
45.10002617,-68.6619665
45.10002617,-68.6619665
45.10002617,-68.6619665
45.10002617,-68.6619665
45.10002617,-68.6619665
45.10002617,-68.6619665
45.10002617,-68.6619665
45.10002617,-68.6619665
45.10002617,-68.6619665
45.10002617,-68.6619665
45.10002617,-68.6619665
45.10002617,-68.6619665
45.10002617,-68.6619665
45.10002617,-68.6619665
45.10002617,-68.6619665
45.10002617,-68.6619665
45.10002617,-68.6619665
45.10002483,-68.6619895
45.10002483,-68.6619895
45.10002483,-68.6619895
45.10002483,-68.6619895
45.10002483,-68.6619895
45.10002483,-68.6619895
45.10002483,-68.6619895
45.10002483,-68.6619895
45.10002483,-68.6619895
45.10002483,-68.6619895
45.10002483,-68.6619895
45.10002483,-68.6619895
45.10002483,-68.6619895
45.10002483,-68.6619895
45.10002483,-68.6619895
45.10002483,-68.6619895
45.10002483,-68.6619895
45.10002483,-68.6619895
45.10002483,-68.6619895
45.10002483,-68.6619895
45.10002483,-68.6619895
45.10002483,-68.6619895
45.10002483,-68.6619895
45.10002483,-68.6619895
45.10002483,-68.6619895
45.10002333,-68.662012
45.10002333,-68.662012
45.10002333,-68.662012
45.10002333,-68.662012
45.10002333,-68.662012
45.10002333,-68.662012
45.10002333,-68.662012
45.10002333,-68.662012
45.10002333,-68.662012
45.10002333,-68.662012
45.10002333,-68.662012
45.10002333,-68.662012
45.10002333,-68.662012
45.10002333,-68.662012
45.10002333,-68.662012
45.10002333,-68.662012
45.10002333,-68.662012
45.10002333,-68.662012
45.10002333,-68.662012
45.10002333,-68.662012
45.10002333,-68.662012
45.10002333,-68.662012
45.10002333,-68.662012
45.10002333,-68.662012
45.10002333,-68.662012
45.10002133,-68.66204667
45.10002133,-68.66204667
45.10002133,-68.66204667
45.10002133,-68.66204667
45.10002133,-68.66204667
45.10002133,-68.66204667
45.10002133,-68.66204667
45.10002133,-68.66204667
45.10002133,-68.66204667
45.10002133,-68.66204667
45.10002133,-68.66204667
45.10002133,-68.66204667
45.10002133,-68.66204667
45.10002133,-68.66204667
45.10002133,-68.66204667
45.10002133,-68.66204667
45.10002133,-68.66204667
45.10002133,-68.66204667
45.10002133,-68.66204667
45.10002133,-68.66204667
45.10002133,-68.66204667
45.10002133,-68.66204667
45.10002133,-68.66204667
45.10002133,-68.66204667
45.10002133,-68.66204667
45.10001917,-68.66207283
45.10001917,-68.66207283
45.10001917,-68.66207283
45.10001917,-68.66207283
45.10001917,-68.66207283
45.10001917,-68.66207283
45.10001917,-68.66207283
45.10001917,-68.66207283
45.10001917,-68.66207283
45.10001917,-68.66207283
45.10001917,-68.66207283
45.10001917,-68.66207283
45.10001917,-68.66207283
45.10001917,-68.66207283
45.10001917,-68.66207283
45.10001917,-68.66207283
45.10001917,-68.66207283
45.10001917,-68.66207283
45.10001917,-68.66207283
45.10001917,-68.66207283
45.10001917,-68.66207283
45.10001917,-68.66207283
45.10001917,-68.66207283
45.10001917,-68.66207283
45.10001917,-68.66207283
45.10001683,-68.66211433
45.10001683,-68.66211433
45.10001683,-68.66211433
45.10001683,-68.66211433
45.10001683,-68.66211433
45.10001683,-68.66211433
45.10001683,-68.66211433
45.10001683,-68.66211433
45.10001683,-68.66211433
45.10001683,-68.66211433
45.10001683,-68.66211433
45.10001683,-68.66211433
45.10001683,-68.66211433
45.10001683,-68.66211433
45.10001683,-68.66211433
45.10001683,-68.66211433
45.10001683,-68.66211433
45.10001683,-68.66211433
45.10001683,-68.66211433
45.10001683,-68.66211433
45.10001683,-68.66211433
45.10001683,-68.66211433
45.10001683,-68.66211433
45.10001683,-68.66211433
45.10001683,-68.66211433
45.10001717,-68.66214383
45.10001717,-68.66214383
45.10001717,-68.66214383
45.10001717,-68.66214383
45.10001717,-68.66214383
45.10001717,-68.66214383
45.10001717,-68.66214383
45.10001717,-68.66214383
45.10001717,-68.66214383
45.10001717,-68.66214383
45.10001717,-68.66214383
45.10001717,-68.66214383
45.10001717,-68.66214383
45.10001717,-68.66214383
45.10001717,-68.66214383
45.10001717,-68.66214383
45.10001717,-68.66214383
45.10001717,-68.66214383
45.10001717,-68.66214383
45.10001717,-68.66214383
45.10001717,-68.66214383
45.10001717,-68.66214383
45.10001717,-68.66214383
45.10001717,-68.66214383
45.10001717,-68.66214383
45.10001783,-68.66217417
45.10001783,-68.66217417
45.10001783,-68.66217417
45.10001783,-68.66217417
45.10001783,-68.66217417
45.10001783,-68.66217417
45.10001783,-68.66217417
45.10001783,-68.66217417
45.10001783,-68.66217417
45.10001783,-68.66217417
45.10001783,-68.66217417
45.10001783,-68.66217417
45.10001783,-68.66217417
45.10001783,-68.66217417
45.10001783,-68.66217417
45.10001783,-68.66217417
45.10001783,-68.66217417
45.10001783,-68.66217417
45.10001783,-68.66217417
45.10001783,-68.66217417
45.10001783,-68.66217417
45.10001783,-68.66217417
45.10001783,-68.66217417
45.10001783,-68.66217417
45.10001783,-68.66217417
45.10001733,-68.66221817
45.10001733,-68.66221817
45.10001733,-68.66221817
45.10001733,-68.66221817
45.10001733,-68.66221817
45.10001733,-68.66221817
45.10001733,-68.66221817
45.10001733,-68.66221817
45.10001733,-68.66221817
45.10001733,-68.66221817
45.10001733,-68.66221817
45.10001733,-68.66221817
45.10001733,-68.66221817
45.10001733,-68.66221817
45.10001733,-68.66221817
45.10001733,-68.66221817
45.10001733,-68.66221817
45.10001733,-68.66221817
45.10001733,-68.66221817
45.10001733,-68.66221817
45.10001733,-68.66221817
45.10001733,-68.66221817
45.10001733,-68.66221817
45.10001733,-68.66221817
45.10001733,-68.66221817
45.10001717,-68.66224767
45.10001717,-68.66224767
45.10001717,-68.66224767
45.10001717,-68.66224767
45.10001717,-68.66224767
45.10001717,-68.66224767
45.10001717,-68.66224767
45.10001717,-68.66224767
45.10001717,-68.66224767
45.10001717,-68.66224767
45.10001717,-68.66224767
45.10001717,-68.66224767
45.10001717,-68.66224767
45.10001717,-68.66224767
45.10001717,-68.66224767
45.10001717,-68.66224767
45.10001717,-68.66224767
45.10001717,-68.66224767
45.10001717,-68.66224767
45.10001717,-68.66224767
45.10001717,-68.66224767
45.10001717,-68.66224767
45.10001717,-68.66224767
45.10001717,-68.66224767
45.10001717,-68.66224767
45.100017,-68.66227783
45.100017,-68.66227783
45.100017,-68.66227783
45.100017,-68.66227783
45.100017,-68.66227783
45.100017,-68.66227783
45.100017,-68.66227783
45.100017,-68.66227783
45.100017,-68.66227783
45.100017,-68.66227783
45.100017,-68.66227783
45.100017,-68.66227783
45.100017,-68.66227783
45.100017,-68.66227783
45.100017,-68.66227783
45.100017,-68.66227783
45.100017,-68.66227783
45.100017,-68.66227783
45.100017,-68.66227783
45.100017,-68.66227783
45.100017,-68.66227783
45.100017,-68.66227783
45.100017,-68.66227783
45.100017,-68.66227783
45.100017,-68.66227783
45.10002017,-68.66232183
45.10002017,-68.66232183
45.10002017,-68.66232183
45.10002017,-68.66232183
45.10002017,-68.66232183
45.10002017,-68.66232183
45.10002017,-68.66232183
45.10002017,-68.66232183
45.10002017,-68.66232183
45.10002017,-68.66232183
45.10002017,-68.66232183
45.10002017,-68.66232183
45.10002017,-68.66232183
45.10002017,-68.66232183
45.10002017,-68.66232183
45.10002017,-68.66232183
45.10002017,-68.66232183
45.10002017,-68.66232183
45.10002017,-68.66232183
45.10002017,-68.66232183
45.10002017,-68.66232183
45.10002017,-68.66232183
45.10002017,-68.66232183
45.10002017,-68.66232183
45.10002017,-68.66232183
45.10002333,-68.6623505
45.10002333,-68.6623505
45.10002333,-68.6623505
45.10002333,-68.6623505
45.10002333,-68.6623505
45.10002333,-68.6623505
45.10002333,-68.6623505
45.10002333,-68.6623505
45.10002333,-68.6623505
45.10002333,-68.6623505
45.10002333,-68.6623505
45.10002333,-68.6623505
45.10002333,-68.6623505
45.10002333,-68.6623505
45.10002333,-68.6623505
45.10002333,-68.6623505
45.10002333,-68.6623505
45.10002333,-68.6623505
45.10002333,-68.6623505
45.10002333,-68.6623505
45.10002333,-68.6623505
45.10002333,-68.6623505
45.10002333,-68.6623505
45.10002333,-68.6623505
45.10002333,-68.6623505
45.10002617,-68.66237767
45.10002617,-68.66237767
45.10002617,-68.66237767
45.10002617,-68.66237767
45.10002617,-68.66237767
45.10002617,-68.66237767
45.10002617,-68.66237767
45.10002617,-68.66237767
45.10002617,-68.66237767
45.10002617,-68.66237767
45.10002617,-68.66237767
45.10002617,-68.66237767
45.10002617,-68.66237767
45.10002617,-68.66237767
45.10002617,-68.66237767
45.10002617,-68.66237767
45.10002617,-68.66237767
45.10002617,-68.66237767
45.10002617,-68.66237767
45.10002617,-68.66237767
45.10002617,-68.66237767
45.10002617,-68.66237767
45.10002617,-68.66237767
45.10002617,-68.66237767
45.10002617,-68.66237767
45.10003217,-68.66241883
45.10003217,-68.66241883
45.10003217,-68.66241883
45.10003217,-68.66241883
45.10003217,-68.66241883
45.10003217,-68.66241883
45.10003217,-68.66241883
45.10003217,-68.66241883
45.10003217,-68.66241883
45.10003217,-68.66241883
45.10003217,-68.66241883
45.10003217,-68.66241883
45.10003217,-68.66241883
45.10003217,-68.66241883
45.10003217,-68.66241883
45.10003217,-68.66241883
45.10003217,-68.66241883
45.10003217,-68.66241883
45.10003217,-68.66241883
45.10003217,-68.66241883
45.10003217,-68.66241883
45.10003217,-68.66241883
45.10003217,-68.66241883
45.10003217,-68.66241883
45.10003217,-68.66241883
45.10003567,-68.66244533
45.10003567,-68.66244533
45.10003567,-68.66244533
45.10003567,-68.66244533
45.10003567,-68.66244533
45.10003567,-68.66244533
45.10003567,-68.66244533
45.10003567,-68.66244533
45.10003567,-68.66244533
45.10003567,-68.66244533
45.10003567,-68.66244533
45.10003567,-68.66244533
45.10003567,-68.66244533
45.10003567,-68.66244533
45.10003567,-68.66244533
45.10003567,-68.66244533
45.10003567,-68.66244533
45.10003567,-68.66244533
45.10003567,-68.66244533
45.10003567,-68.66244533
45.10003567,-68.66244533
45.10003567,-68.66244533
45.10003567,-68.66244533
45.10003567,-68.66244533
45.10003567,-68.66244533
45.1000415,-68.66248283
45.1000415,-68.66248283
45.1000415,-68.66248283
45.1000415,-68.66248283
45.1000415,-68.66248283
45.1000415,-68.66248283
45.1000415,-68.66248283
45.1000415,-68.66248283
45.1000415,-68.66248283
45.1000415,-68.66248283
45.1000415,-68.66248283
45.1000415,-68.66248283
45.1000415,-68.66248283
45.1000415,-68.66248283
45.1000415,-68.66248283
45.1000415,-68.66248283
45.1000415,-68.66248283
45.1000415,-68.66248283
45.1000415,-68.66248283
45.1000415,-68.66248283
45.1000415,-68.66248283
45.1000415,-68.66248283
45.1000415,-68.66248283
45.1000415,-68.66248283
45.1000415,-68.66248283
45.10004617,-68.66250617
45.10004617,-68.66250617
45.10004617,-68.66250617
45.10004617,-68.66250617
45.10004617,-68.66250617
45.10004617,-68.66250617
45.10004617,-68.66250617
45.10004617,-68.66250617
45.10004617,-68.66250617
45.10004617,-68.66250617
45.10004617,-68.66250617
45.10004617,-68.66250617
45.10004617,-68.66250617
45.10004617,-68.66250617
45.10004617,-68.66250617
45.10004617,-68.66250617
45.10004617,-68.66250617
45.10004617,-68.66250617
45.10004617,-68.66250617
45.10004617,-68.66250617
45.10004617,-68.66250617
45.10004617,-68.66250617
45.10004617,-68.66250617
45.10004617,-68.66250617
45.10004617,-68.66250617
45.100052,-68.662531
45.100052,-68.662531
45.100052,-68.662531
45.100052,-68.662531
45.100052,-68.662531
45.100052,-68.662531
45.100052,-68.662531
45.100052,-68.662531
45.100052,-68.662531
45.100052,-68.662531
45.100052,-68.662531
45.100052,-68.662531
45.100052,-68.662531
45.100052,-68.662531
45.100052,-68.662531
45.100052,-68.662531
45.100052,-68.662531
45.100052,-68.662531
45.100052,-68.662531
45.100052,-68.662531
45.100052,-68.662531
45.100052,-68.662531
45.100052,-68.662531
45.100052,-68.662531
45.100052,-68.662531
45.10006067,-68.66256933
45.10006067,-68.66256933
45.10006067,-68.66256933
45.10006067,-68.66256933
45.10006067,-68.66256933
45.10006067,-68.66256933
45.10006067,-68.66256933
45.10006067,-68.66256933
45.10006067,-68.66256933
45.10006067,-68.66256933
45.10006067,-68.66256933
45.10006067,-68.66256933
45.10006067,-68.66256933
45.10006067,-68.66256933
45.10006067,-68.66256933
45.10006067,-68.66256933
45.10006067,-68.66256933
45.10006067,-68.66256933
45.10006067,-68.66256933
45.10006067,-68.66256933
45.10006067,-68.66256933
45.10006067,-68.66256933
45.10006067,-68.66256933
45.10006067,-68.66256933
45.10006067,-68.66256933
45.100066,-68.66259467
45.100066,-68.66259467
45.100066,-68.66259467
45.100066,-68.66259467
45.100066,-68.66259467
45.100066,-68.66259467
45.100066,-68.66259467
45.100066,-68.66259467
45.100066,-68.66259467
45.100066,-68.66259467
45.100066,-68.66259467
45.100066,-68.66259467
45.100066,-68.66259467
45.100066,-68.66259467
45.100066,-68.66259467
45.100066,-68.66259467
45.100066,-68.66259467
45.100066,-68.66259467
45.100066,-68.66259467
45.100066,-68.66259467
45.100066,-68.66259467
45.100066,-68.66259467
45.100066,-68.66259467
45.100066,-68.66259467
45.100066,-68.66259467
45.10007083,-68.66262033
45.10007083,-68.66262033
45.10007083,-68.66262033
45.10007083,-68.66262033
45.10007083,-68.66262033
45.10007083,-68.66262033
45.10007083,-68.66262033
45.10007083,-68.66262033
45.10007083,-68.66262033
45.10007083,-68.66262033
45.10007083,-68.66262033
45.10007083,-68.66262033
45.10007083,-68.66262033
45.10007083,-68.66262033
45.10007083,-68.66262033
45.10007083,-68.66262033
45.10007083,-68.66262033
45.10007083,-68.66262033
45.10007083,-68.66262033
45.10007083,-68.66262033
45.10007083,-68.66262033
45.10007083,-68.66262033
45.10007083,-68.66262033
45.10007083,-68.66262033
45.10007083,-68.66262033
45.100079,-68.66265883
45.100079,-68.66265883
45.100079,-68.66265883
45.100079,-68.66265883
45.100079,-68.66265883
45.100079,-68.66265883
45.100079,-68.66265883
45.100079,-68.66265883
45.100079,-68.66265883
45.100079,-68.66265883
45.100079,-68.66265883
45.100079,-68.66265883
45.100079,-68.66265883
45.100079,-68.66265883
45.100079,-68.66265883
45.100079,-68.66265883
45.100079,-68.66265883
45.100079,-68.66265883
45.100079,-68.66265883
45.100079,-68.66265883
45.100079,-68.66265883
45.100079,-68.66265883
45.100079,-68.66265883
45.100079,-68.66265883
45.100079,-68.66265883
45.10008517,-68.66268383
45.10008517,-68.66268383
45.10008517,-68.66268383
45.10008517,-68.66268383
45.10008517,-68.66268383
45.10008517,-68.66268383
45.10008517,-68.66268383
45.10008517,-68.66268383
45.10008517,-68.66268383
45.10008517,-68.66268383
45.10008517,-68.66268383
45.10008517,-68.66268383
45.10008517,-68.66268383
45.10008517,-68.66268383
45.10008517,-68.66268383
45.10008517,-68.66268383
45.10008517,-68.66268383
45.10008517,-68.66268383
45.10008517,-68.66268383
45.10008517,-68.66268383
45.10008517,-68.66268383
45.10008517,-68.66268383
45.10008517,-68.66268383
45.10008517,-68.66268383
45.10008517,-68.66268383
45.100092,-68.66270967
45.100092,-68.66270967
45.100092,-68.66270967
45.100092,-68.66270967
45.100092,-68.66270967
45.100092,-68.66270967
45.100092,-68.66270967
45.100092,-68.66270967
45.100092,-68.66270967
45.100092,-68.66270967
45.100092,-68.66270967
45.100092,-68.66270967
45.100092,-68.66270967
45.100092,-68.66270967
45.100092,-68.66270967
45.100092,-68.66270967
45.100092,-68.66270967
45.100092,-68.66270967
45.100092,-68.66270967
45.100092,-68.66270967
45.100092,-68.66270967
45.100092,-68.66270967
45.100092,-68.66270967
45.100092,-68.66270967
45.100092,-68.66270967
45.10010267,-68.66274667
45.10010267,-68.66274667
45.10010267,-68.66274667
45.10010267,-68.66274667
45.10010267,-68.66274667
45.10010267,-68.66274667
45.10010267,-68.66274667
45.10010267,-68.66274667
45.10010267,-68.66274667
45.10010267,-68.66274667
45.10010267,-68.66274667
45.10010267,-68.66274667
45.10010267,-68.66274667
45.10010267,-68.66274667
45.10010267,-68.66274667
45.10010267,-68.66274667
45.10010267,-68.66274667
45.10010267,-68.66274667
45.10010267,-68.66274667
45.10010267,-68.66274667
45.10010267,-68.66274667
45.10010267,-68.66274667
45.10010267,-68.66274667
45.10010267,-68.66274667
45.10010267,-68.66274667
45.10011067,-68.66277183
45.10011067,-68.66277183
45.10011067,-68.66277183
45.10011067,-68.66277183
45.10011067,-68.66277183
45.10011067,-68.66277183
45.10011067,-68.66277183
45.10011067,-68.66277183
45.10011067,-68.66277183
45.10011067,-68.66277183
45.10011067,-68.66277183
45.10011067,-68.66277183
45.10011067,-68.66277183
45.10011067,-68.66277183
45.10011067,-68.66277183
45.10011067,-68.66277183
45.10011067,-68.66277183
45.10011067,-68.66277183
45.10011067,-68.66277183
45.10011067,-68.66277183
45.10011067,-68.66277183
45.10011067,-68.66277183
45.10011067,-68.66277183
45.10011067,-68.66277183
45.10011067,-68.66277183
45.10011867,-68.6627975
45.10011867,-68.6627975
45.10011867,-68.6627975
45.10011867,-68.6627975
45.10011867,-68.6627975
45.10011867,-68.6627975
45.10011867,-68.6627975
45.10011867,-68.6627975
45.10011867,-68.6627975
45.10011867,-68.6627975
45.10011867,-68.6627975
45.10011867,-68.6627975
45.10011867,-68.6627975
45.10011867,-68.6627975
45.10011867,-68.6627975
45.10011867,-68.6627975
45.10011867,-68.6627975
45.10011867,-68.6627975
45.10011867,-68.6627975
45.10011867,-68.6627975
45.10011867,-68.6627975
45.10011867,-68.6627975
45.10011867,-68.6627975
45.10011867,-68.6627975
45.10011867,-68.6627975
45.10013117,-68.66283483
45.10013117,-68.66283483
45.10013117,-68.66283483
45.10013117,-68.66283483
45.10013117,-68.66283483
45.10013117,-68.66283483
45.10013117,-68.66283483
45.10013117,-68.66283483
45.10013117,-68.66283483
45.10013117,-68.66283483
45.10013117,-68.66283483
45.10013117,-68.66283483
45.10013117,-68.66283483
45.10013117,-68.66283483
45.10013117,-68.66283483
45.10013117,-68.66283483
45.10013117,-68.66283483
45.10013117,-68.66283483
45.10013117,-68.66283483
45.10013117,-68.66283483
45.10013117,-68.66283483
45.10013117,-68.66283483
45.10013117,-68.66283483
45.10013117,-68.66283483
45.10013117,-68.66283483
45.10013867,-68.66286
45.10013867,-68.66286
45.10013867,-68.66286
45.10013867,-68.66286
45.10013867,-68.66286
45.10013867,-68.66286
45.10013867,-68.66286
45.10013867,-68.66286
45.10013867,-68.66286
45.10013867,-68.66286
45.10013867,-68.66286
45.10013867,-68.66286
45.10013867,-68.66286
45.10013867,-68.66286
45.10013867,-68.66286
45.10013867,-68.66286
45.10013867,-68.66286
45.10013867,-68.66286
45.10013867,-68.66286
45.10013867,-68.66286
45.10013867,-68.66286
45.10013867,-68.66286
45.10013867,-68.66286
45.10013867,-68.66286
45.10013867,-68.66286
45.1001485,-68.66289817
45.1001485,-68.66289817
45.1001485,-68.66289817
45.1001485,-68.66289817
45.1001485,-68.66289817
45.1001485,-68.66289817
45.1001485,-68.66289817
45.1001485,-68.66289817
45.1001485,-68.66289817
45.1001485,-68.66289817
45.1001485,-68.66289817
45.1001485,-68.66289817
45.1001485,-68.66289817
45.1001485,-68.66289817
45.1001485,-68.66289817
45.1001485,-68.66289817
45.1001485,-68.66289817
45.1001485,-68.66289817
45.1001485,-68.66289817
45.1001485,-68.66289817
45.1001485,-68.66289817
45.1001485,-68.66289817
45.1001485,-68.66289817
45.1001485,-68.66289817
45.1001485,-68.66289817
45.10015517,-68.66292417
45.10015517,-68.66292417
45.10015517,-68.66292417
45.10015517,-68.66292417
45.10015517,-68.66292417
45.10015517,-68.66292417
45.10015517,-68.66292417
45.10015517,-68.66292417
45.10015517,-68.66292417
45.10015517,-68.66292417
45.10015517,-68.66292417
45.10015517,-68.66292417
45.10015517,-68.66292417
45.10015517,-68.66292417
45.10015517,-68.66292417
45.10015517,-68.66292417
45.10015517,-68.66292417
45.10015517,-68.66292417
45.10015517,-68.66292417
45.10015517,-68.66292417
45.10015517,-68.66292417
45.10015517,-68.66292417
45.10015517,-68.66292417
45.10015517,-68.66292417
45.10015517,-68.66292417
45.10016117,-68.6629505
45.10016117,-68.6629505
45.10016117,-68.6629505
45.10016117,-68.6629505
45.10016117,-68.6629505
45.10016117,-68.6629505
45.10016117,-68.6629505
45.10016117,-68.6629505
45.10016117,-68.6629505
45.10016117,-68.6629505
45.10016117,-68.6629505
45.10016117,-68.6629505
45.10016117,-68.6629505
45.10016117,-68.6629505
45.10016117,-68.6629505
45.10016117,-68.6629505
45.10016117,-68.6629505
45.10016117,-68.6629505
45.10016117,-68.6629505
45.10016117,-68.6629505
45.10016117,-68.6629505
45.10016117,-68.6629505
45.10016117,-68.6629505
45.10016117,-68.6629505
45.10016117,-68.6629505
45.10016933,-68.662991
45.10016933,-68.662991
45.10016933,-68.662991
45.10016933,-68.662991
45.10016933,-68.662991
45.10016933,-68.662991
45.10016933,-68.662991
45.10016933,-68.662991
45.10016933,-68.662991
45.10016933,-68.662991
45.10016933,-68.662991
45.10016933,-68.662991
45.10016933,-68.662991
45.10016933,-68.662991
45.10016933,-68.662991
45.10016933,-68.662991
45.10016933,-68.662991
45.10016933,-68.662991
45.10016933,-68.662991
45.10016933,-68.662991
45.10016933,-68.662991
45.10016933,-68.662991
45.10016933,-68.662991
45.10016933,-68.662991
45.10016933,-68.662991
45.10017533,-68.66301967
45.10017533,-68.66301967
45.10017533,-68.66301967
45.10017533,-68.66301967
45.10017533,-68.66301967
45.10017533,-68.66301967
45.10017533,-68.66301967
45.10017533,-68.66301967
45.10017533,-68.66301967
45.10017533,-68.66301967
45.10017533,-68.66301967
45.10017533,-68.66301967
45.10017533,-68.66301967
45.10017533,-68.66301967
45.10017533,-68.66301967
45.10017533,-68.66301967
45.10017533,-68.66301967
45.10017533,-68.66301967
45.10017533,-68.66301967
45.10017533,-68.66301967
45.10017533,-68.66301967
45.10017533,-68.66301967
45.10017533,-68.66301967
45.10017533,-68.66301967
45.10017533,-68.66301967
45.10018,-68.66305067
45.10018,-68.66305067
45.10018,-68.66305067
45.10018,-68.66305067
45.10018,-68.66305067
45.10018,-68.66305067
45.10018,-68.66305067
45.10018,-68.66305067
45.10018,-68.66305067
45.10018,-68.66305067
45.10018,-68.66305067
45.10018,-68.66305067
45.10018,-68.66305067
45.10018,-68.66305067
45.10018,-68.66305067
45.10018,-68.66305067
45.10018,-68.66305067
45.10018,-68.66305067
45.10018,-68.66305067
45.10018,-68.66305067
45.10018,-68.66305067
45.10018,-68.66305067
45.10018,-68.66305067
45.10018,-68.66305067
45.10018,-68.66305067
45.10018717,-68.6630955
45.10018717,-68.6630955
45.10018717,-68.6630955
45.10018717,-68.6630955
45.10018717,-68.6630955
45.10018717,-68.6630955
45.10018717,-68.6630955
45.10018717,-68.6630955
45.10018717,-68.6630955
45.10018717,-68.6630955
45.10018717,-68.6630955
45.10018717,-68.6630955
45.10018717,-68.6630955
45.10018717,-68.6630955
45.10018717,-68.6630955
45.10018717,-68.6630955
45.10018717,-68.6630955
45.10018717,-68.6630955
45.10018717,-68.6630955
45.10018717,-68.6630955
45.10018717,-68.6630955
45.10018717,-68.6630955
45.10018717,-68.6630955
45.10018717,-68.6630955
45.10018717,-68.6630955
45.100191,-68.66312517
45.100191,-68.66312517
45.100191,-68.66312517
45.100191,-68.66312517
45.100191,-68.66312517
45.100191,-68.66312517
45.100191,-68.66312517
45.100191,-68.66312517
45.100191,-68.66312517
45.100191,-68.66312517
45.100191,-68.66312517
45.100191,-68.66312517
45.100191,-68.66312517
45.100191,-68.66312517
45.100191,-68.66312517
45.100191,-68.66312517
45.100191,-68.66312517
45.100191,-68.66312517
45.100191,-68.66312517
45.100191,-68.66312517
45.100191,-68.66312517
45.100191,-68.66312517
45.100191,-68.66312517
45.100191,-68.66312517
45.100191,-68.66312517
45.10019467,-68.66315417
45.10019467,-68.66315417
45.10019467,-68.66315417
45.10019467,-68.66315417
45.10019467,-68.66315417
45.10019467,-68.66315417
45.10019467,-68.66315417
45.10019467,-68.66315417
45.10019467,-68.66315417
45.10019467,-68.66315417
45.10019467,-68.66315417
45.10019467,-68.66315417
45.10019467,-68.66315417
45.10019467,-68.66315417
45.10019467,-68.66315417
45.10019467,-68.66315417
45.10019467,-68.66315417
45.10019467,-68.66315417
45.10019467,-68.66315417
45.10019467,-68.66315417
45.10019467,-68.66315417
45.10019467,-68.66315417
45.10019467,-68.66315417
45.10019467,-68.66315417
45.10019467,-68.66315417
45.10020267,-68.66319767
45.10020267,-68.66319767
45.10020267,-68.66319767
45.10020267,-68.66319767
45.10020267,-68.66319767
45.10020267,-68.66319767
45.10020267,-68.66319767
45.10020267,-68.66319767
45.10020267,-68.66319767
45.10020267,-68.66319767
45.10020267,-68.66319767
45.10020267,-68.66319767
45.10020267,-68.66319767
45.10020267,-68.66319767
45.10020267,-68.66319767
45.10020267,-68.66319767
45.10020267,-68.66319767
45.10020267,-68.66319767
45.10020267,-68.66319767
45.10020267,-68.66319767
45.10020267,-68.66319767
45.10020267,-68.66319767
45.10020267,-68.66319767
45.10020267,-68.66319767
45.10020267,-68.66319767
45.10020767,-68.663226
45.10020767,-68.663226
45.10020767,-68.663226
45.10020767,-68.663226
45.10020767,-68.663226
45.10020767,-68.663226
45.10020767,-68.663226
45.10020767,-68.663226
45.10020767,-68.663226
45.10020767,-68.663226
45.10020767,-68.663226
45.10020767,-68.663226
45.10020767,-68.663226
45.10020767,-68.663226
45.10020767,-68.663226
45.10020767,-68.663226
45.10020767,-68.663226
45.10020767,-68.663226
45.10020767,-68.663226
45.10020767,-68.663226
45.10020767,-68.663226
45.10020767,-68.663226
45.10020767,-68.663226
45.10020767,-68.663226
45.10020767,-68.663226
45.10021533,-68.66326733
45.10021533,-68.66326733
45.10021533,-68.66326733
45.10021533,-68.66326733
45.10021533,-68.66326733
45.10021533,-68.66326733
45.10021533,-68.66326733
45.10021533,-68.66326733
45.10021533,-68.66326733
45.10021533,-68.66326733
45.10021533,-68.66326733
45.10021533,-68.66326733
45.10021533,-68.66326733
45.10021533,-68.66326733
45.10021533,-68.66326733
45.10021533,-68.66326733
45.10021533,-68.66326733
45.10021533,-68.66326733
45.10021533,-68.66326733
45.10021533,-68.66326733
45.10021533,-68.66326733
45.10021533,-68.66326733
45.10021533,-68.66326733
45.10021533,-68.66326733
45.10021533,-68.66326733
45.1002205,-68.6632955
45.1002205,-68.6632955
45.1002205,-68.6632955
45.1002205,-68.6632955
45.1002205,-68.6632955
45.1002205,-68.6632955
45.1002205,-68.6632955
45.1002205,-68.6632955
45.1002205,-68.6632955
45.1002205,-68.6632955
45.1002205,-68.6632955
45.1002205,-68.6632955
45.1002205,-68.6632955
45.1002205,-68.6632955
45.1002205,-68.6632955
45.1002205,-68.6632955
45.1002205,-68.6632955
45.1002205,-68.6632955
45.1002205,-68.6632955
45.1002205,-68.6632955
45.1002205,-68.6632955
45.1002205,-68.6632955
45.1002205,-68.6632955
45.1002205,-68.6632955
45.1002205,-68.6632955
45.1002255,-68.66332417
45.1002255,-68.66332417
45.1002255,-68.66332417
45.1002255,-68.66332417
45.1002255,-68.66332417
45.1002255,-68.66332417
45.1002255,-68.66332417
45.1002255,-68.66332417
45.1002255,-68.66332417
45.1002255,-68.66332417
45.1002255,-68.66332417
45.1002255,-68.66332417
45.1002255,-68.66332417
45.1002255,-68.66332417
45.1002255,-68.66332417
45.1002255,-68.66332417
45.1002255,-68.66332417
45.1002255,-68.66332417
45.1002255,-68.66332417
45.1002255,-68.66332417
45.1002255,-68.66332417
45.1002255,-68.66332417
45.1002255,-68.66332417
45.1002255,-68.66332417
45.1002255,-68.66332417
45.10023267,-68.6633675
45.10023267,-68.6633675
45.10023267,-68.6633675
45.10023267,-68.6633675
45.10023267,-68.6633675
45.10023267,-68.6633675
45.10023267,-68.6633675
45.10023267,-68.6633675
45.10023267,-68.6633675
45.10023267,-68.6633675
45.10023267,-68.6633675
45.10023267,-68.6633675
45.10023267,-68.6633675
45.10023267,-68.6633675
45.10023267,-68.6633675
45.10023267,-68.6633675
45.10023267,-68.6633675
45.10023267,-68.6633675
45.10023267,-68.6633675
45.10023267,-68.6633675
45.10023267,-68.6633675
45.10023267,-68.6633675
45.10023267,-68.6633675
45.10023267,-68.6633675
45.10023267,-68.6633675
45.100237,-68.6633945
45.100237,-68.6633945
45.100237,-68.6633945
45.100237,-68.6633945
45.100237,-68.6633945
45.100237,-68.6633945
45.100237,-68.6633945
45.100237,-68.6633945
45.100237,-68.6633945
45.100237,-68.6633945
45.100237,-68.6633945
45.100237,-68.6633945
45.100237,-68.6633945
45.100237,-68.6633945
45.100237,-68.6633945
45.100237,-68.6633945
45.100237,-68.6633945
45.100237,-68.6633945
45.100237,-68.6633945
45.100237,-68.6633945
45.100237,-68.6633945
45.100237,-68.6633945
45.100237,-68.6633945
45.100237,-68.6633945
45.100237,-68.6633945
45.10023917,-68.66341917
45.10023917,-68.66341917
45.10023917,-68.66341917
45.10023917,-68.66341917
45.10023917,-68.66341917
45.10023917,-68.66341917
45.10023917,-68.66341917
45.10023917,-68.66341917
45.10023917,-68.66341917
45.10023917,-68.66341917
45.10023917,-68.66341917
45.10023917,-68.66341917
45.10023917,-68.66341917
45.10023917,-68.66341917
45.10023917,-68.66341917
45.10023917,-68.66341917
45.10023917,-68.66341917
45.10023917,-68.66341917
45.10023917,-68.66341917
45.10023917,-68.66341917
45.10023917,-68.66341917
45.10023917,-68.66341917
45.10023917,-68.66341917
45.10023917,-68.66341917
45.10023917,-68.66341917
45.10024083,-68.66345283
45.10024083,-68.66345283
45.10024083,-68.66345283
45.10024083,-68.66345283
45.10024083,-68.66345283
45.10024083,-68.66345283
45.10024083,-68.66345283
45.10024083,-68.66345283
45.10024083,-68.66345283
45.10024083,-68.66345283
45.10024083,-68.66345283
45.10024083,-68.66345283
45.10024083,-68.66345283
45.10024083,-68.66345283
45.10024083,-68.66345283
45.10024083,-68.66345283
45.10024083,-68.66345283
45.10024083,-68.66345283
45.10024083,-68.66345283
45.10024083,-68.66345283
45.10024083,-68.66345283
45.10024083,-68.66345283
45.10024083,-68.66345283
45.10024083,-68.66345283
45.10024083,-68.66345283
45.10024017,-68.66347133
45.10024017,-68.66347133
45.10024017,-68.66347133
45.10024017,-68.66347133
45.10024017,-68.66347133
45.10024017,-68.66347133
45.10024017,-68.66347133
45.10024017,-68.66347133
45.10024017,-68.66347133
45.10024017,-68.66347133
45.10024017,-68.66347133
45.10024017,-68.66347133
45.10024017,-68.66347133
45.10024017,-68.66347133
45.10024017,-68.66347133
45.10024017,-68.66347133
45.10024017,-68.66347133
45.10024017,-68.66347133
45.10024017,-68.66347133
45.10024017,-68.66347133
45.10024017,-68.66347133
45.10024017,-68.66347133
45.10024017,-68.66347133
45.10024017,-68.66347133
45.10024017,-68.66347133
45.1002395,-68.66348917
45.1002395,-68.66348917
45.1002395,-68.66348917
45.1002395,-68.66348917
45.1002395,-68.66348917
45.1002395,-68.66348917
45.1002395,-68.66348917
45.1002395,-68.66348917
45.1002395,-68.66348917
45.1002395,-68.66348917
45.1002395,-68.66348917
45.1002395,-68.66348917
45.1002395,-68.66348917
45.1002395,-68.66348917
45.1002395,-68.66348917
45.1002395,-68.66348917
45.1002395,-68.66348917
45.1002395,-68.66348917
45.1002395,-68.66348917
45.1002395,-68.66348917
45.1002395,-68.66348917
45.1002395,-68.66348917
45.1002395,-68.66348917
45.1002395,-68.66348917
45.1002395,-68.66348917
45.10024,-68.66351583
45.10024,-68.66351583
45.10024,-68.66351583
45.10024,-68.66351583
45.10024,-68.66351583
45.10024,-68.66351583
45.10024,-68.66351583
45.10024,-68.66351583
45.10024,-68.66351583
45.10024,-68.66351583
45.10024,-68.66351583
45.10024,-68.66351583
45.10024,-68.66351583
45.10024,-68.66351583
45.10024,-68.66351583
45.10024,-68.66351583
45.10024,-68.66351583
45.10024,-68.66351583
45.10024,-68.66351583
45.10024,-68.66351583
45.10024,-68.66351583
45.10024,-68.66351583
45.10024,-68.66351583
45.10024,-68.66351583
45.10024,-68.66351583
45.10024,-68.66353433
45.10024,-68.66353433
45.10024,-68.66353433
45.10024,-68.66353433
45.10024,-68.66353433
45.10024,-68.66353433
45.10024,-68.66353433
45.10024,-68.66353433
45.10024,-68.66353433
45.10024,-68.66353433
45.10024,-68.66353433
45.10024,-68.66353433
45.10024,-68.66353433
45.10024,-68.66353433
45.10024,-68.66353433
45.10024,-68.66353433
45.10024,-68.66353433
45.10024,-68.66353433
45.10024,-68.66353433
45.10024,-68.66353433
45.10024,-68.66353433
45.10024,-68.66353433
45.10024,-68.66353433
45.10024,-68.66353433
45.10024,-68.66353433
45.1002395,-68.663562
45.1002395,-68.663562
45.1002395,-68.663562
45.1002395,-68.663562
45.1002395,-68.663562
45.1002395,-68.663562
45.1002395,-68.663562
45.1002395,-68.663562
45.1002395,-68.663562
45.1002395,-68.663562
45.1002395,-68.663562
45.1002395,-68.663562
45.1002395,-68.663562
45.1002395,-68.663562
45.1002395,-68.663562
45.1002395,-68.663562
45.1002395,-68.663562
45.1002395,-68.663562
45.1002395,-68.663562
45.1002395,-68.663562
45.1002395,-68.663562
45.1002395,-68.663562
45.1002395,-68.663562
45.1002395,-68.663562
45.1002395,-68.663562
45.10024,-68.66358017
45.10024,-68.66358017
45.10024,-68.66358017
45.10024,-68.66358017
45.10024,-68.66358017
45.10024,-68.66358017
45.10024,-68.66358017
45.10024,-68.66358017
45.10024,-68.66358017
45.10024,-68.66358017
45.10024,-68.66358017
45.10024,-68.66358017
45.10024,-68.66358017
45.10024,-68.66358017
45.10024,-68.66358017
45.10024,-68.66358017
45.10024,-68.66358017
45.10024,-68.66358017
45.10024,-68.66358017
45.10024,-68.66358017
45.10024,-68.66358017
45.10024,-68.66358017
45.10024,-68.66358017
45.10024,-68.66358017
45.10024,-68.66358017
45.10024083,-68.66359883
45.10024083,-68.66359883
45.10024083,-68.66359883
45.10024083,-68.66359883
45.10024083,-68.66359883
45.10024083,-68.66359883
45.10024083,-68.66359883
45.10024083,-68.66359883
45.10024083,-68.66359883
45.10024083,-68.66359883
45.10024083,-68.66359883
45.10024083,-68.66359883
45.10024083,-68.66359883
45.10024083,-68.66359883
45.10024083,-68.66359883
45.10024083,-68.66359883
45.10024083,-68.66359883
45.10024083,-68.66359883
45.10024083,-68.66359883
45.10024083,-68.66359883
45.10024083,-68.66359883
45.10024083,-68.66359883
45.10024083,-68.66359883
45.10024083,-68.66359883
45.10024083,-68.66359883
45.10024183,-68.6636265
45.10024183,-68.6636265
45.10024183,-68.6636265
45.10024183,-68.6636265
45.10024183,-68.6636265
45.10024183,-68.6636265
45.10024183,-68.6636265
45.10024183,-68.6636265
45.10024183,-68.6636265
45.10024183,-68.6636265
45.10024183,-68.6636265
45.10024183,-68.6636265
45.10024183,-68.6636265
45.10024183,-68.6636265
45.10024183,-68.6636265
45.10024183,-68.6636265
45.10024183,-68.6636265
45.10024183,-68.6636265
45.10024183,-68.6636265
45.10024183,-68.6636265
45.10024183,-68.6636265
45.10024183,-68.6636265
45.10024183,-68.6636265
45.10024183,-68.6636265
45.10024183,-68.6636265
45.10024233,-68.66364383
45.10024233,-68.66364383
45.10024233,-68.66364383
45.10024233,-68.66364383
45.10024233,-68.66364383
45.10024233,-68.66364383
45.10024233,-68.66364383
45.10024233,-68.66364383
45.10024233,-68.66364383
45.10024233,-68.66364383
45.10024233,-68.66364383
45.10024233,-68.66364383
45.10024233,-68.66364383
45.10024233,-68.66364383
45.10024233,-68.66364383
45.10024233,-68.66364383
45.10024233,-68.66364383
45.10024233,-68.66364383
45.10024233,-68.66364383
45.10024233,-68.66364383
45.10024233,-68.66364383
45.10024233,-68.66364383
45.10024233,-68.66364383
45.10024233,-68.66364383
45.10024233,-68.66364383
45.10024333,-68.66366267
45.10024333,-68.66366267
45.10024333,-68.66366267
45.10024333,-68.66366267
45.10024333,-68.66366267
45.10024333,-68.66366267
45.10024333,-68.66366267
45.10024333,-68.66366267
45.10024333,-68.66366267
45.10024333,-68.66366267
45.10024333,-68.66366267
45.10024333,-68.66366267
45.10024333,-68.66366267
45.10024333,-68.66366267
45.10024333,-68.66366267
45.10024333,-68.66366267
45.10024333,-68.66366267
45.10024333,-68.66366267
45.10024333,-68.66366267
45.10024333,-68.66366267
45.10024333,-68.66366267
45.10024333,-68.66366267
45.10024333,-68.66366267
45.10024333,-68.66366267
45.10024333,-68.66366267
45.100243,-68.663689
45.100243,-68.663689
45.100243,-68.663689
45.100243,-68.663689
45.100243,-68.663689
45.100243,-68.663689
45.100243,-68.663689
45.100243,-68.663689
45.100243,-68.663689
45.100243,-68.663689
45.100243,-68.663689
45.100243,-68.663689
45.100243,-68.663689
45.100243,-68.663689
45.100243,-68.663689
45.100243,-68.663689
45.100243,-68.663689
45.100243,-68.663689
45.100243,-68.663689
45.100243,-68.663689
45.100243,-68.663689
45.100243,-68.663689
45.100243,-68.663689
45.100243,-68.663689
45.100243,-68.663689
45.10024433,-68.66370783
45.10024433,-68.66370783
45.10024433,-68.66370783
45.10024433,-68.66370783
45.10024433,-68.66370783
45.10024433,-68.66370783
45.10024433,-68.66370783
45.10024433,-68.66370783
45.10024433,-68.66370783
45.10024433,-68.66370783
45.10024433,-68.66370783
45.10024433,-68.66370783
45.10024433,-68.66370783
45.10024433,-68.66370783
45.10024433,-68.66370783
45.10024433,-68.66370783
45.10024433,-68.66370783
45.10024433,-68.66370783
45.10024433,-68.66370783
45.10024433,-68.66370783
45.10024433,-68.66370783
45.10024433,-68.66370783
45.10024433,-68.66370783
45.10024433,-68.66370783
45.10024433,-68.66370783
45.10024567,-68.663727
45.10024567,-68.663727
45.10024567,-68.663727
45.10024567,-68.663727
45.10024567,-68.663727
45.10024567,-68.663727
45.10024567,-68.663727
45.10024567,-68.663727
45.10024567,-68.663727
45.10024567,-68.663727
45.10024567,-68.663727
45.10024567,-68.663727
45.10024567,-68.663727
45.10024567,-68.663727
45.10024567,-68.663727
45.10024567,-68.663727
45.10024567,-68.663727
45.10024567,-68.663727
45.10024567,-68.663727
45.10024567,-68.663727
45.10024567,-68.663727
45.10024567,-68.663727
45.10024567,-68.663727
45.10024567,-68.663727
45.10024567,-68.663727
45.10024767,-68.66375717
45.10024767,-68.66375717
45.10024767,-68.66375717
45.10024767,-68.66375717
45.10024767,-68.66375717
45.10024767,-68.66375717
45.10024767,-68.66375717
45.10024767,-68.66375717
45.10024767,-68.66375717
45.10024767,-68.66375717
45.10024767,-68.66375717
45.10024767,-68.66375717
45.10024767,-68.66375717
45.10024767,-68.66375717
45.10024767,-68.66375717
45.10024767,-68.66375717
45.10024767,-68.66375717
45.10024767,-68.66375717
45.10024767,-68.66375717
45.10024767,-68.66375717
45.10024767,-68.66375717
45.10024767,-68.66375717
45.10024767,-68.66375717
45.10024767,-68.66375717
45.10024767,-68.66375717
45.10024917,-68.66377717
45.10024917,-68.66377717
45.10024917,-68.66377717
45.10024917,-68.66377717
45.10024917,-68.66377717
45.10024917,-68.66377717
45.10024917,-68.66377717
45.10024917,-68.66377717
45.10024917,-68.66377717
45.10024917,-68.66377717
45.10024917,-68.66377717
45.10024917,-68.66377717
45.10024917,-68.66377717
45.10024917,-68.66377717
45.10024917,-68.66377717
45.10024917,-68.66377717
45.10024917,-68.66377717
45.10024917,-68.66377717
45.10024917,-68.66377717
45.10024917,-68.66377717
45.10024917,-68.66377717
45.10024917,-68.66377717
45.10024917,-68.66377717
45.10024917,-68.66377717
45.10024917,-68.66377717
45.1002495,-68.663796
45.1002495,-68.663796
45.1002495,-68.663796
45.1002495,-68.663796
45.1002495,-68.663796
45.1002495,-68.663796
45.1002495,-68.663796
45.1002495,-68.663796
45.1002495,-68.663796
45.1002495,-68.663796
45.1002495,-68.663796
45.1002495,-68.663796
45.1002495,-68.663796
45.1002495,-68.663796
45.1002495,-68.663796
45.1002495,-68.663796
45.1002495,-68.663796
45.1002495,-68.663796
45.1002495,-68.663796
45.1002495,-68.663796
45.1002495,-68.663796
45.1002495,-68.663796
45.1002495,-68.663796
45.1002495,-68.663796
45.1002495,-68.663796
45.10025167,-68.66382417
45.10025167,-68.66382417
45.10025167,-68.66382417
45.10025167,-68.66382417
45.10025167,-68.66382417
45.10025167,-68.66382417
45.10025167,-68.66382417
45.10025167,-68.66382417
45.10025167,-68.66382417
45.10025167,-68.66382417
45.10025167,-68.66382417
45.10025167,-68.66382417
45.10025167,-68.66382417
45.10025167,-68.66382417
45.10025167,-68.66382417
45.10025167,-68.66382417
45.10025167,-68.66382417
45.10025167,-68.66382417
45.10025167,-68.66382417
45.10025167,-68.66382417
45.10025167,-68.66382417
45.10025167,-68.66382417
45.10025167,-68.66382417
45.10025167,-68.66382417
45.10025167,-68.66382417
45.10025433,-68.66384283
45.10025433,-68.66384283
45.10025433,-68.66384283
45.10025433,-68.66384283
45.10025433,-68.66384283
45.10025433,-68.66384283
45.10025433,-68.66384283
45.10025433,-68.66384283
45.10025433,-68.66384283
45.10025433,-68.66384283
45.10025433,-68.66384283
45.10025433,-68.66384283
45.10025433,-68.66384283
45.10025433,-68.66384283
45.10025433,-68.66384283
45.10025433,-68.66384283
45.10025433,-68.66384283
45.10025433,-68.66384283
45.10025433,-68.66384283
45.10025433,-68.66384283
45.10025433,-68.66384283
45.10025433,-68.66384283
45.10025433,-68.66384283
45.10025433,-68.66384283
45.10025433,-68.66384283
45.10025733,-68.66386917
45.10025733,-68.66386917
45.10025733,-68.66386917
45.10025733,-68.66386917
45.10025733,-68.66386917
45.10025733,-68.66386917
45.10025733,-68.66386917
45.10025733,-68.66386917
45.10025733,-68.66386917
45.10025733,-68.66386917
45.10025733,-68.66386917
45.10025733,-68.66386917
45.10025733,-68.66386917
45.10025733,-68.66386917
45.10025733,-68.66386917
45.10025733,-68.66386917
45.10025733,-68.66386917
45.10025733,-68.66386917
45.10025733,-68.66386917
45.10025733,-68.66386917
45.10025733,-68.66386917
45.10025733,-68.66386917
45.10025733,-68.66386917
45.10025733,-68.66386917
45.10025733,-68.66386917
45.1002605,-68.663886
45.1002605,-68.663886
45.1002605,-68.663886
45.1002605,-68.663886
45.1002605,-68.663886
45.1002605,-68.663886
45.1002605,-68.663886
45.1002605,-68.663886
45.1002605,-68.663886
45.1002605,-68.663886
45.1002605,-68.663886
45.1002605,-68.663886
45.1002605,-68.663886
45.1002605,-68.663886
45.1002605,-68.663886
45.1002605,-68.663886
45.1002605,-68.663886
45.1002605,-68.663886
45.1002605,-68.663886
45.1002605,-68.663886
45.1002605,-68.663886
45.1002605,-68.663886
45.1002605,-68.663886
45.1002605,-68.663886
45.1002605,-68.663886
45.1002635,-68.6639035
45.1002635,-68.6639035
45.1002635,-68.6639035
45.1002635,-68.6639035
45.1002635,-68.6639035
45.1002635,-68.6639035
45.1002635,-68.6639035
45.1002635,-68.6639035
45.1002635,-68.6639035
45.1002635,-68.6639035
45.1002635,-68.6639035
45.1002635,-68.6639035
45.1002635,-68.6639035
45.1002635,-68.6639035
45.1002635,-68.6639035
45.1002635,-68.6639035
45.1002635,-68.6639035
45.1002635,-68.6639035
45.1002635,-68.6639035
45.1002635,-68.6639035
45.1002635,-68.6639035
45.1002635,-68.6639035
45.1002635,-68.6639035
45.1002635,-68.6639035
45.1002635,-68.6639035
45.10027017,-68.66393183
45.10027017,-68.66393183
45.10027017,-68.66393183
45.10027017,-68.66393183
45.10027017,-68.66393183
45.10027017,-68.66393183
45.10027017,-68.66393183
45.10027017,-68.66393183
45.10027017,-68.66393183
45.10027017,-68.66393183
45.10027017,-68.66393183
45.10027017,-68.66393183
45.10027017,-68.66393183
45.10027017,-68.66393183
45.10027017,-68.66393183
45.10027017,-68.66393183
45.10027017,-68.66393183
45.10027017,-68.66393183
45.10027017,-68.66393183
45.10027017,-68.66393183
45.10027017,-68.66393183
45.10027017,-68.66393183
45.10027017,-68.66393183
45.10027017,-68.66393183
45.10027017,-68.66393183
45.100274,-68.6639505
45.100274,-68.6639505
45.100274,-68.6639505
45.100274,-68.6639505
45.100274,-68.6639505
45.100274,-68.6639505
45.100274,-68.6639505
45.100274,-68.6639505
45.100274,-68.6639505
45.100274,-68.6639505
45.100274,-68.6639505
45.100274,-68.6639505
45.100274,-68.6639505
45.100274,-68.6639505
45.100274,-68.6639505
45.100274,-68.6639505
45.100274,-68.6639505
45.100274,-68.6639505
45.100274,-68.6639505
45.100274,-68.6639505
45.100274,-68.6639505
45.100274,-68.6639505
45.100274,-68.6639505
45.100274,-68.6639505
45.100274,-68.6639505
45.10027717,-68.663969
45.10027717,-68.663969
45.10027717,-68.663969
45.10027717,-68.663969
45.10027717,-68.663969
45.10027717,-68.663969
45.10027717,-68.663969
45.10027717,-68.663969
45.10027717,-68.663969
45.10027717,-68.663969
45.10027717,-68.663969
45.10027717,-68.663969
45.10027717,-68.663969
45.10027717,-68.663969
45.10027717,-68.663969
45.10027717,-68.663969
45.10027717,-68.663969
45.10027717,-68.663969
45.10027717,-68.663969
45.10027717,-68.663969
45.10027717,-68.663969
45.10027717,-68.663969
45.10027717,-68.663969
45.10027717,-68.663969
45.10027717,-68.663969
45.1002825,-68.66399717
45.1002825,-68.66399717
45.1002825,-68.66399717
45.1002825,-68.66399717
45.1002825,-68.66399717
45.1002825,-68.66399717
45.1002825,-68.66399717
45.1002825,-68.66399717
45.1002825,-68.66399717
45.1002825,-68.66399717
45.1002825,-68.66399717
45.1002825,-68.66399717
45.1002825,-68.66399717
45.1002825,-68.66399717
45.1002825,-68.66399717
45.1002825,-68.66399717
45.1002825,-68.66399717
45.1002825,-68.66399717
45.1002825,-68.66399717
45.1002825,-68.66399717
45.1002825,-68.66399717
45.1002825,-68.66399717
45.1002825,-68.66399717
45.1002825,-68.66399717
45.1002825,-68.66399717
45.10028567,-68.66401633
45.10028567,-68.66401633
45.10028567,-68.66401633
45.10028567,-68.66401633
45.10028567,-68.66401633
45.10028567,-68.66401633
45.10028567,-68.66401633
45.10028567,-68.66401633
45.10028567,-68.66401633
45.10028567,-68.66401633
45.10028567,-68.66401633
45.10028567,-68.66401633
45.10028567,-68.66401633
45.10028567,-68.66401633
45.10028567,-68.66401633
45.10028567,-68.66401633
45.10028567,-68.66401633
45.10028567,-68.66401633
45.10028567,-68.66401633
45.10028567,-68.66401633
45.10028567,-68.66401633
45.10028567,-68.66401633
45.10028567,-68.66401633
45.10028567,-68.66401633
45.10028567,-68.66401633
45.1002875,-68.6640355
45.1002875,-68.6640355
45.1002875,-68.6640355
45.1002875,-68.6640355
45.1002875,-68.6640355
45.1002875,-68.6640355
45.1002875,-68.6640355
45.1002875,-68.6640355
45.1002875,-68.6640355
45.1002875,-68.6640355
45.1002875,-68.6640355
45.1002875,-68.6640355
45.1002875,-68.6640355
45.1002875,-68.6640355
45.1002875,-68.6640355
45.1002875,-68.6640355
45.1002875,-68.6640355
45.1002875,-68.6640355
45.1002875,-68.6640355
45.1002875,-68.6640355
45.1002875,-68.6640355
45.1002875,-68.6640355
45.1002875,-68.6640355
45.1002875,-68.6640355
45.1002875,-68.6640355
45.10029183,-68.66406383
45.10029183,-68.66406383
45.10029183,-68.66406383
45.10029183,-68.66406383
45.10029183,-68.66406383
45.10029183,-68.66406383
45.10029183,-68.66406383
45.10029183,-68.66406383
45.10029183,-68.66406383
45.10029183,-68.66406383
45.10029183,-68.66406383
45.10029183,-68.66406383
45.10029183,-68.66406383
45.10029183,-68.66406383
45.10029183,-68.66406383
45.10029183,-68.66406383
45.10029183,-68.66406383
45.10029183,-68.66406383
45.10029183,-68.66406383
45.10029183,-68.66406383
45.10029183,-68.66406383
45.10029183,-68.66406383
45.10029183,-68.66406383
45.10029183,-68.66406383
45.10029183,-68.66406383
45.10029567,-68.664082
45.10029567,-68.664082
45.10029567,-68.664082
45.10029567,-68.664082
45.10029567,-68.664082
45.10029567,-68.664082
45.10029567,-68.664082
45.10029567,-68.664082
45.10029567,-68.664082
45.10029567,-68.664082
45.10029567,-68.664082
45.10029567,-68.664082
45.10029567,-68.664082
45.10029567,-68.664082
45.10029567,-68.664082
45.10029567,-68.664082
45.10029567,-68.664082
45.10029567,-68.664082
45.10029567,-68.664082
45.10029567,-68.664082
45.10029567,-68.664082
45.10029567,-68.664082
45.10029567,-68.664082
45.10029567,-68.664082
45.10029567,-68.664082
45.10030117,-68.664108
45.10030117,-68.664108
45.10030117,-68.664108
45.10030117,-68.664108
45.10030117,-68.664108
45.10030117,-68.664108
45.10030117,-68.664108
45.10030117,-68.664108
45.10030117,-68.664108
45.10030117,-68.664108
45.10030117,-68.664108
45.10030117,-68.664108
45.10030117,-68.664108
45.10030117,-68.664108
45.10030117,-68.664108
45.10030117,-68.664108
45.10030117,-68.664108
45.10030117,-68.664108
45.10030117,-68.664108
45.10030117,-68.664108
45.10030117,-68.664108
45.10030117,-68.664108
45.10030117,-68.664108
45.10030117,-68.664108
45.10030117,-68.664108
45.10030467,-68.664125
45.10030467,-68.664125
45.10030467,-68.664125
45.10030467,-68.664125
45.10030467,-68.664125
45.10030467,-68.664125
45.10030467,-68.664125
45.10030467,-68.664125
45.10030467,-68.664125
45.10030467,-68.664125
45.10030467,-68.664125
45.10030467,-68.664125
45.10030467,-68.664125
45.10030467,-68.664125
45.10030467,-68.664125
45.10030467,-68.664125
45.10030467,-68.664125
45.10030467,-68.664125
45.10030467,-68.664125
45.10030467,-68.664125
45.10030467,-68.664125
45.10030467,-68.664125
45.10030467,-68.664125
45.10030467,-68.664125
45.10030467,-68.664125
45.10030733,-68.66414133
45.10030733,-68.66414133
45.10030733,-68.66414133
45.10030733,-68.66414133
45.10030733,-68.66414133
45.10030733,-68.66414133
45.10030733,-68.66414133
45.10030733,-68.66414133
45.10030733,-68.66414133
45.10030733,-68.66414133
45.10030733,-68.66414133
45.10030733,-68.66414133
45.10030733,-68.66414133
45.10030733,-68.66414133
45.10030733,-68.66414133
45.10030733,-68.66414133
45.10030733,-68.66414133
45.10030733,-68.66414133
45.10030733,-68.66414133
45.10030733,-68.66414133
45.10030733,-68.66414133
45.10030733,-68.66414133
45.10030733,-68.66414133
45.10030733,-68.66414133
45.10030733,-68.66414133
45.100312,-68.66416617
45.100312,-68.66416617
45.100312,-68.66416617
45.100312,-68.66416617
45.100312,-68.66416617
45.100312,-68.66416617
45.100312,-68.66416617
45.100312,-68.66416617
45.100312,-68.66416617
45.100312,-68.66416617
45.100312,-68.66416617
45.100312,-68.66416617
45.100312,-68.66416617
45.100312,-68.66416617
45.100312,-68.66416617
45.100312,-68.66416617
45.100312,-68.66416617
45.100312,-68.66416617
45.100312,-68.66416617
45.100312,-68.66416617
45.100312,-68.66416617
45.100312,-68.66416617
45.100312,-68.66416617
45.100312,-68.66416617
45.100312,-68.66416617
45.10031567,-68.66418217
45.10031567,-68.66418217
45.10031567,-68.66418217
45.10031567,-68.66418217
45.10031567,-68.66418217
45.10031567,-68.66418217
45.10031567,-68.66418217
45.10031567,-68.66418217
45.10031567,-68.66418217
45.10031567,-68.66418217
45.10031567,-68.66418217
45.10031567,-68.66418217
45.10031567,-68.66418217
45.10031567,-68.66418217
45.10031567,-68.66418217
45.10031567,-68.66418217
45.10031567,-68.66418217
45.10031567,-68.66418217
45.10031567,-68.66418217
45.10031567,-68.66418217
45.10031567,-68.66418217
45.10031567,-68.66418217
45.10031567,-68.66418217
45.10031567,-68.66418217
45.10031567,-68.66418217
45.100318,-68.66419817
45.100318,-68.66419817
45.100318,-68.66419817
45.100318,-68.66419817
45.100318,-68.66419817
45.100318,-68.66419817
45.100318,-68.66419817
45.100318,-68.66419817
45.100318,-68.66419817
45.100318,-68.66419817
45.100318,-68.66419817
45.100318,-68.66419817
45.100318,-68.66419817
45.100318,-68.66419817
45.100318,-68.66419817
45.100318,-68.66419817
45.100318,-68.66419817
45.100318,-68.66419817
45.100318,-68.66419817
45.100318,-68.66419817
45.100318,-68.66419817
45.100318,-68.66419817
45.100318,-68.66419817
45.100318,-68.66419817
45.100318,-68.66419817
45.100322,-68.664223
45.100322,-68.664223
45.100322,-68.664223
45.100322,-68.664223
45.100322,-68.664223
45.100322,-68.664223
45.100322,-68.664223
45.100322,-68.664223
45.100322,-68.664223
45.100322,-68.664223
45.100322,-68.664223
45.100322,-68.664223
45.100322,-68.664223
45.100322,-68.664223
45.100322,-68.664223
45.100322,-68.664223
45.100322,-68.664223
45.100322,-68.664223
45.100322,-68.664223
45.100322,-68.664223
45.100322,-68.664223
45.100322,-68.664223
45.100322,-68.664223
45.100322,-68.664223
45.100322,-68.664223
45.1003245,-68.66423867
45.1003245,-68.66423867
45.1003245,-68.66423867
45.1003245,-68.66423867
45.1003245,-68.66423867
45.1003245,-68.66423867
45.1003245,-68.66423867
45.1003245,-68.66423867
45.1003245,-68.66423867
45.1003245,-68.66423867
45.1003245,-68.66423867
45.1003245,-68.66423867
45.1003245,-68.66423867
45.1003245,-68.66423867
45.1003245,-68.66423867
45.1003245,-68.66423867
45.1003245,-68.66423867
45.1003245,-68.66423867
45.1003245,-68.66423867
45.1003245,-68.66423867
45.1003245,-68.66423867
45.1003245,-68.66423867
45.1003245,-68.66423867
45.1003245,-68.66423867
45.1003245,-68.66423867
45.10032683,-68.66425467
45.10032683,-68.66425467
45.10032683,-68.66425467
45.10032683,-68.66425467
45.10032683,-68.66425467
45.10032683,-68.66425467
45.10032683,-68.66425467
45.10032683,-68.66425467
45.10032683,-68.66425467
45.10032683,-68.66425467
45.10032683,-68.66425467
45.10032683,-68.66425467
45.10032683,-68.66425467
45.10032683,-68.66425467
45.10032683,-68.66425467
45.10032683,-68.66425467
45.10032683,-68.66425467
45.10032683,-68.66425467
45.10032683,-68.66425467
45.10032683,-68.66425467
45.10032683,-68.66425467
45.10032683,-68.66425467
45.10032683,-68.66425467
45.10032683,-68.66425467
45.10032683,-68.66425467
45.10032967,-68.66427683
45.10032967,-68.66427683
45.10032967,-68.66427683
45.10032967,-68.66427683
45.10032967,-68.66427683
45.10032967,-68.66427683
45.10032967,-68.66427683
45.10032967,-68.66427683
45.10032967,-68.66427683
45.10032967,-68.66427683
45.10032967,-68.66427683
45.10032967,-68.66427683
45.10032967,-68.66427683
45.10032967,-68.66427683
45.10032967,-68.66427683
45.10032967,-68.66427683
45.10032967,-68.66427683
45.10032967,-68.66427683
45.10032967,-68.66427683
45.10032967,-68.66427683
45.10032967,-68.66427683
45.10032967,-68.66427683
45.10032967,-68.66427683
45.10032967,-68.66427683
45.10032967,-68.66427683
45.10033,-68.66429133
45.10033,-68.66429133
45.10033,-68.66429133
45.10033,-68.66429133
45.10033,-68.66429133
45.10033,-68.66429133
45.10033,-68.66429133
45.10033,-68.66429133
45.10033,-68.66429133
45.10033,-68.66429133
45.10033,-68.66429133
45.10033,-68.66429133
45.10033,-68.66429133
45.10033,-68.66429133
45.10033,-68.66429133
45.10033,-68.66429133
45.10033,-68.66429133
45.10033,-68.66429133
45.10033,-68.66429133
45.10033,-68.66429133
45.10033,-68.66429133
45.10033,-68.66429133
45.10033,-68.66429133
45.10033,-68.66429133
45.10033,-68.66429133
45.10033267,-68.66431283
45.10033267,-68.66431283
45.10033267,-68.66431283
45.10033267,-68.66431283
45.10033267,-68.66431283
45.10033267,-68.66431283
45.10033267,-68.66431283
45.10033267,-68.66431283
45.10033267,-68.66431283
45.10033267,-68.66431283
45.10033267,-68.66431283
45.10033267,-68.66431283
45.10033267,-68.66431283
45.10033267,-68.66431283
45.10033267,-68.66431283
45.10033267,-68.66431283
45.10033267,-68.66431283
45.10033267,-68.66431283
45.10033267,-68.66431283
45.10033267,-68.66431283
45.10033267,-68.66431283
45.10033267,-68.66431283
45.10033267,-68.66431283
45.10033267,-68.66431283
45.10033267,-68.66431283
45.100334,-68.66432667
45.100334,-68.66432667
45.100334,-68.66432667
45.100334,-68.66432667
45.100334,-68.66432667
45.100334,-68.66432667
45.100334,-68.66432667
45.100334,-68.66432667
45.100334,-68.66432667
45.100334,-68.66432667
45.100334,-68.66432667
45.100334,-68.66432667
45.100334,-68.66432667
45.100334,-68.66432667
45.100334,-68.66432667
45.100334,-68.66432667
45.100334,-68.66432667
45.100334,-68.66432667
45.100334,-68.66432667
45.100334,-68.66432667
45.100334,-68.66432667
45.100334,-68.66432667
45.100334,-68.66432667
45.100334,-68.66432667
45.100334,-68.66432667
45.1003355,-68.664341
45.1003355,-68.664341
45.1003355,-68.664341
45.1003355,-68.664341
45.1003355,-68.664341
45.1003355,-68.664341
45.1003355,-68.664341
45.1003355,-68.664341
45.1003355,-68.664341
45.1003355,-68.664341
45.1003355,-68.664341
45.1003355,-68.664341
45.1003355,-68.664341
45.1003355,-68.664341
45.1003355,-68.664341
45.1003355,-68.664341
45.1003355,-68.664341
45.1003355,-68.664341
45.1003355,-68.664341
45.1003355,-68.664341
45.1003355,-68.664341
45.1003355,-68.664341
45.1003355,-68.664341
45.1003355,-68.664341
45.1003355,-68.664341
45.10033717,-68.664364
45.10033717,-68.664364
45.10033717,-68.664364
45.10033717,-68.664364
45.10033717,-68.664364
45.10033717,-68.664364
45.10033717,-68.664364
45.10033717,-68.664364
45.10033717,-68.664364
45.10033717,-68.664364
45.10033717,-68.664364
45.10033717,-68.664364
45.10033717,-68.664364
45.10033717,-68.664364
45.10033717,-68.664364
45.10033717,-68.664364
45.10033717,-68.664364
45.10033717,-68.664364
45.10033717,-68.664364
45.10033717,-68.664364
45.10033717,-68.664364
45.10033717,-68.664364
45.10033717,-68.664364
45.10033717,-68.664364
45.10033717,-68.664364
45.1003375,-68.66437867
45.1003375,-68.66437867
45.1003375,-68.66437867
45.1003375,-68.66437867
45.1003375,-68.66437867
45.1003375,-68.66437867
45.1003375,-68.66437867
45.1003375,-68.66437867
45.1003375,-68.66437867
45.1003375,-68.66437867
45.1003375,-68.66437867
45.1003375,-68.66437867
45.1003375,-68.66437867
45.1003375,-68.66437867
45.1003375,-68.66437867
45.1003375,-68.66437867
45.1003375,-68.66437867
45.1003375,-68.66437867
45.1003375,-68.66437867
45.1003375,-68.66437867
45.1003375,-68.66437867
45.1003375,-68.66437867
45.1003375,-68.66437867
45.1003375,-68.66437867
45.1003375,-68.66437867
45.10033767,-68.66439417
45.10033767,-68.66439417
45.10033767,-68.66439417
45.10033767,-68.66439417
45.10033767,-68.66439417
45.10033767,-68.66439417
45.10033767,-68.66439417
45.10033767,-68.66439417
45.10033767,-68.66439417
45.10033767,-68.66439417
45.10033767,-68.66439417
45.10033767,-68.66439417
45.10033767,-68.66439417
45.10033767,-68.66439417
45.10033767,-68.66439417
45.10033767,-68.66439417
45.10033767,-68.66439417
45.10033767,-68.66439417
45.10033767,-68.66439417
45.10033767,-68.66439417
45.10033767,-68.66439417
45.10033767,-68.66439417
45.10033767,-68.66439417
45.10033767,-68.66439417
45.10033767,-68.66439417
45.10033633,-68.66441683
45.10033633,-68.66441683
45.10033633,-68.66441683
45.10033633,-68.66441683
45.10033633,-68.66441683
45.10033633,-68.66441683
45.10033633,-68.66441683
45.10033633,-68.66441683
45.10033633,-68.66441683
45.10033633,-68.66441683
45.10033633,-68.66441683
45.10033633,-68.66441683
45.10033633,-68.66441683
45.10033633,-68.66441683
45.10033633,-68.66441683
45.10033633,-68.66441683
45.10033633,-68.66441683
45.10033633,-68.66441683
45.10033633,-68.66441683
45.10033633,-68.66441683
45.10033633,-68.66441683
45.10033633,-68.66441683
45.10033633,-68.66441683
45.10033633,-68.66441683
45.10033633,-68.66441683
45.10033667,-68.66443183
45.10033667,-68.66443183
45.10033667,-68.66443183
45.10033667,-68.66443183
45.10033667,-68.66443183
45.10033667,-68.66443183
45.10033667,-68.66443183
45.10033667,-68.66443183
45.10033667,-68.66443183
45.10033667,-68.66443183
45.10033667,-68.66443183
45.10033667,-68.66443183
45.10033667,-68.66443183
45.10033667,-68.66443183
45.10033667,-68.66443183
45.10033667,-68.66443183
45.10033667,-68.66443183
45.10033667,-68.66443183
45.10033667,-68.66443183
45.10033667,-68.66443183
45.10033667,-68.66443183
45.10033667,-68.66443183
45.10033667,-68.66443183
45.10033667,-68.66443183
45.10033667,-68.66443183
45.10033567,-68.6644455
45.10033567,-68.6644455
45.10033567,-68.6644455
45.10033567,-68.6644455
45.10033567,-68.6644455
45.10033567,-68.6644455
45.10033567,-68.6644455
45.10033567,-68.6644455
45.10033567,-68.6644455
45.10033567,-68.6644455
45.10033567,-68.6644455
45.10033567,-68.6644455
45.10033567,-68.6644455
45.10033567,-68.6644455
45.10033567,-68.6644455
45.10033567,-68.6644455
45.10033567,-68.6644455
45.10033567,-68.6644455
45.10033567,-68.6644455
45.10033567,-68.6644455
45.10033567,-68.6644455
45.10033567,-68.6644455
45.10033567,-68.6644455
45.10033567,-68.6644455
45.10033567,-68.6644455
45.10033383,-68.66446533
45.10033383,-68.66446533
45.10033383,-68.66446533
45.10033383,-68.66446533
45.10033383,-68.66446533
45.10033383,-68.66446533
45.10033383,-68.66446533
45.10033383,-68.66446533
45.10033383,-68.66446533
45.10033383,-68.66446533
45.10033383,-68.66446533
45.10033383,-68.66446533
45.10033383,-68.66446533
45.10033383,-68.66446533
45.10033383,-68.66446533
45.10033383,-68.66446533
45.10033383,-68.66446533
45.10033383,-68.66446533
45.10033383,-68.66446533
45.10033383,-68.66446533
45.10033383,-68.66446533
45.10033383,-68.66446533
45.10033383,-68.66446533
45.10033383,-68.66446533
45.10033383,-68.66446533
45.10033217,-68.664478
45.10033217,-68.664478
45.10033217,-68.664478
45.10033217,-68.664478
45.10033217,-68.664478
45.10033217,-68.664478
45.10033217,-68.664478
45.10033217,-68.664478
45.10033217,-68.664478
45.10033217,-68.664478
45.10033217,-68.664478
45.10033217,-68.664478
45.10033217,-68.664478
45.10033217,-68.664478
45.10033217,-68.664478
45.10033217,-68.664478
45.10033217,-68.664478
45.10033217,-68.664478
45.10033217,-68.664478
45.10033217,-68.664478
45.10033217,-68.664478
45.10033217,-68.664478
45.10033217,-68.664478
45.10033217,-68.664478
45.10033217,-68.664478
45.10033317,-68.66448967
45.10033317,-68.66448967
45.10033317,-68.66448967
45.10033317,-68.66448967
45.10033317,-68.66448967
45.10033317,-68.66448967
45.10033317,-68.66448967
45.10033317,-68.66448967
45.10033317,-68.66448967
45.10033317,-68.66448967
45.10033317,-68.66448967
45.10033317,-68.66448967
45.10033317,-68.66448967
45.10033317,-68.66448967
45.10033317,-68.66448967
45.10033317,-68.66448967
45.10033317,-68.66448967
45.10033317,-68.66448967
45.10033317,-68.66448967
45.10033317,-68.66448967
45.10033317,-68.66448967
45.10033317,-68.66448967
45.10033317,-68.66448967
45.10033317,-68.66448967
45.10033317,-68.66448967
45.10033633,-68.66450417
45.10033633,-68.66450417
45.10033633,-68.66450417
45.10033633,-68.66450417
45.10033633,-68.66450417
45.10033633,-68.66450417
45.10033633,-68.66450417
45.10033633,-68.66450417
45.10033633,-68.66450417
45.10033633,-68.66450417
45.10033633,-68.66450417
45.10033633,-68.66450417
45.10033633,-68.66450417
45.10033633,-68.66450417
45.10033633,-68.66450417
45.10033633,-68.66450417
45.10033633,-68.66450417
45.10033633,-68.66450417
45.10033633,-68.66450417
45.10033633,-68.66450417
45.10033633,-68.66450417
45.10033633,-68.66450417
45.10033633,-68.66450417
45.10033633,-68.66450417
45.10033633,-68.66450417
